-6.796875000000000000e-01,0.000000000000000000e+00,0.000000000000000000e+00,0.000000000000000000e+00,0.000000000000000000e+00,0.000000000000000000e+00,-6.300200472922280054e-03,-1.891739266740627336e-03,1.852766798392753989e-01
-6.798135040094583914e-01,-3.783478533481254537e-05,3.705533596785508168e-03,-1.260040094584437102e-03,-3.783478533481255215e-04,3.705533596785508255e-02,-6.300200472922280054e-03,-1.891739266740627336e-03,1.852766798392753989e-01
-6.801915160378337877e-01,-1.513391413392501815e-04,1.482213438714203267e-02,-2.520080189168929716e-03,-7.566957066962510430e-04,7.411067193571016509e-02,-6.300200472922280054e-03,-1.891739266740627336e-03,1.852766798392753989e-01
-6.808215360851259668e-01,-3.405130680133129422e-04,3.334980237106957568e-02,-3.780120283753355542e-03,-1.135043560044376619e-03,1.111660079035652476e-01,-6.300200472922280054e-03,-1.891739266740627336e-03,1.852766798392753989e-01
-6.817035641513350397e-01,-6.053565653570007260e-04,5.928853754856813069e-02,-5.040160378337831676e-03,-1.513391413392502086e-03,1.482213438714203302e-01,-6.300200472922280054e-03,-1.891739266740627336e-03,1.852766798392753989e-01
-6.828376002364612285e-01,-9.458696333703138850e-04,9.263833991963769943e-02,-6.300200472922276584e-03,-1.891739266740627770e-03,1.852766798392754266e-01,-6.300200472922280054e-03,-1.891739266740627336e-03,1.852766798392753989e-01
-6.842236443405040891e-01,-1.362052272053251769e-03,1.333992094842783027e-01,-7.560240567506738840e-03,-2.270087120088753237e-03,2.223320158071305230e-01,-6.300200472922280054e-03,-1.891739266740627336e-03,1.852766798392753989e-01
-6.858616964634638435e-01,-1.853904481405815353e-03,1.815711462424899336e-01,-8.820280662091194157e-03,-2.648434973436878705e-03,2.593873517749856195e-01,-6.300200472922280054e-03,-1.891739266740627336e-03,1.852766798392753989e-01
-6.877517566053404918e-01,-2.421426261428002904e-03,2.371541501942725783e-01,-1.008032075667563560e-02,-3.026782826785004172e-03,2.964426877428407159e-01,-6.300200472922280054e-03,-1.891739266740627336e-03,1.852766798392753989e-01
-6.898938247661341450e-01,-3.064617612119816589e-03,3.001482213396262089e-01,-1.134036085126009785e-02,-3.405130680133129639e-03,3.334980237106958123e-01,-6.300200472922280054e-03,-1.891739266740627336e-03,1.852766798392753989e-01
-6.922879009458444699e-01,-3.783478533481255540e-03,3.705533596785508532e-01,-1.260040094584457399e-02,-3.783478533481255540e-03,3.705533596785509087e-01,-6.300200472922280054e-03,-1.891739266740627336e-03,1.852766798392753989e-01
-6.949339851444717997e-01,-4.578009025512318024e-03,4.483695652110465391e-01,-1.386044104042900849e-02,-4.161826386829379706e-03,4.076086956464060052e-01,-6.300200472922280054e-03,-1.891739266740627336e-03,1.852766798392753989e-01
-6.978320773620161344e-01,-5.448209088213007076e-03,5.335968379371132109e-01,-1.512048113501347768e-02,-4.540174240177506475e-03,4.446640316142611016e-01,-6.300200472922280054e-03,-1.891739266740627336e-03,1.676312817593560989e-01
-7.009821775984772518e-01,-6.394078721583320093e-03,6.258822698951526098e-01,-1.638052122959791912e-02,-4.918522093525631508e-03,4.781902879661323325e-01,-6.300200472922280054e-03,-1.891739266740627336e-03,1.676312817593560989e-01
-7.043842858538552631e-01,-7.415617925623261414e-03,7.248729531235661439e-01,-1.764056132418237444e-02,-5.296869946873757409e-03,5.117165443180035078e-01,-6.300200472922280054e-03,-1.891739266740627336e-03,1.676312817593560989e-01
-7.080384021281502793e-01,-8.512826700332824098e-03,8.305688876223539241e-01,-1.890060141876684363e-02,-5.675217800221882443e-03,5.452428006698747387e-01,-6.300200472922280054e-03,-1.891739266740627336e-03,1.676312817593560989e-01
-7.119445264213619673e-01,-9.685705045712011615e-03,9.429700733915159505e-01,-2.016064151335128507e-02,-6.053565653570008344e-03,5.787690570217459696e-01,-6.300200472922280054e-03,-1.891739266740627336e-03,1.676312817593560989e-01
-7.161026587334908822e-01,-1.093425296176082744e-02,1.062076510431052112e+00,-2.142068160793574039e-02,-6.431913506918133377e-03,6.122953133736172004e-01,-6.300200472922280054e-03,-1.891739266740627336e-03,1.676312817593560989e-01
-7.205127990645363578e-01,-1.225847044847926635e-02,1.187888198740962631e+00,-2.268072170252019570e-02,-6.810261360266259278e-03,6.458215697254884313e-01,-6.300200472922280054e-03,-1.891739266740627336e-03,1.676312817593560989e-01
-7.251749474144988383e-01,-1.365835750586732837e-02,1.320405138321247396e+00,-2.394076179710465102e-02,-7.188609213614384312e-03,6.793478260773596622e-01,-6.300200472922280054e-03,-1.891739266740627336e-03,1.676312817593560989e-01
-7.300891037833783237e-01,-1.513391413392502216e-02,1.459627329171906407e+00,-2.520080189168913409e-02,-7.566957066962511080e-03,7.128740824292308931e-01,-6.300200472922280054e-03,-1.891739266740627336e-03,1.676312817593560989e-01
-7.352552681711744809e-01,-1.668514033265233384e-02,1.605554771292939664e+00,-2.646084198627357553e-02,-7.945304920310636981e-03,7.464003387811021240e-01,-6.300200472922280054e-03,-1.891739266740627336e-03,1.676312817593560989e-01
-7.406734405778876429e-01,-1.831203610204927210e-02,1.758187464684347168e+00,-2.772088208085801697e-02,-8.323652773658759413e-03,7.799265951329733548e-01,-6.300200472922280054e-03,-1.891739266740627336e-03,1.676312817593560989e-01
-7.463436210035178098e-01,-2.001460144211584039e-02,1.917525409346128917e+00,-2.898092217544248617e-02,-8.702000627006887049e-03,8.134528514848445857e-01,-6.300200472922280054e-03,-1.891739266740627336e-03,1.676312817593560989e-01
-7.522658094480646485e-01,-2.179283635285202830e-02,2.083568605278284913e+00,-3.024096227002695536e-02,-9.080348480355012949e-03,8.469791078367158166e-01,3.202223346210342214e-08,2.030901209455809354e-03,1.499858836794153161e-01
-7.583140012616254033e-01,-2.356828802473391604e-02,2.255964144519216230e+00,-3.024095586558026363e-02,-8.674168238463848823e-03,8.769762845725989076e-01,3.202223346210342214e-08,2.030901209455809354e-03,1.499858836794153161e-01
-7.643621917942966526e-01,-2.526250364823756644e-02,2.434359119107324165e+00,-3.024094946113355456e-02,-8.267987996572689902e-03,9.069734613084819985e-01,3.202223346210342214e-08,2.030901209455809354e-03,1.499858836794153161e-01
-7.704103810460787294e-01,-2.687548322336298992e-02,2.618753529042608719e+00,-3.024094305668684549e-02,-7.861807754681525776e-03,9.369706380443650895e-01,3.202223346210342214e-08,2.030901209455809354e-03,1.499858836794153161e-01
-7.764585690169715226e-01,-2.840722675011018300e-02,2.809147374325069890e+00,-3.024093665224018151e-02,-7.455627512790363384e-03,9.669678147802481805e-01,3.202223346210342214e-08,2.030901209455809354e-03,1.499858836794153161e-01
-7.825067557069748103e-01,-2.985773422847913181e-02,3.005540654954707680e+00,-3.024093024779348632e-02,-7.049447270899202728e-03,9.969649915161312714e-01,3.202223346210342214e-08,2.030901209455809354e-03,1.499858836794153161e-01
-7.885549411160888145e-01,-3.122700565846985715e-02,3.207933370931522088e+00,-3.024092384334680500e-02,-6.643267029008040336e-03,1.026962168252014251e+00,3.202223346210342214e-08,2.030901209455809354e-03,1.499858836794153161e-01
-7.946031252443135351e-01,-3.251504104008234863e-02,3.416325522255513114e+00,-3.024091743890010286e-02,-6.237086787116877945e-03,1.056959344987897342e+00,3.202223346210342214e-08,2.030901209455809354e-03,1.499858836794153161e-01
-8.006513080916488612e-01,-3.372184037331660972e-02,3.630717108926680758e+00,-3.024091103445341461e-02,-5.830906545225717288e-03,1.086956521723780433e+00,3.202223346210342214e-08,2.030901209455809354e-03,1.499858836794153161e-01
-8.066994896580950147e-01,-3.484740365817264041e-02,3.851108130945025021e+00,-3.024090463000673329e-02,-5.424726303334554897e-03,1.116953698459663524e+00,3.202223346210342214e-08,2.030901209455809354e-03,1.499858836794153161e-01
-8.127476699436515517e-01,-3.589173089465044070e-02,4.077498588310545458e+00,-3.024089822556003115e-02,-5.018546061443392506e-03,1.146950875195546615e+00,3.202223346210342214e-08,2.030901209455809354e-03,1.499858836794153161e-01
-8.187958489483188051e-01,-3.685482208274998978e-02,4.309888481023242512e+00,-3.024089182111334984e-02,-4.612365819552231849e-03,1.176948051931429706e+00,3.202223346210342214e-08,2.030901209455809354e-03,1.499858836794153161e-01
-8.248440266720969971e-01,-3.773667722247132233e-02,4.548277809083116630e+00,-3.024088541666665464e-02,-4.206185577661068591e-03,1.206945228667312797e+00,3.202223346210342214e-08,2.030901209455809354e-03,1.323404855994985974e-01
-8.308922031149854615e-01,-3.853729631381442450e-02,4.792313664528569106e+00,-3.024087901221995944e-02,-3.800005335769905766e-03,1.233413325787212411e+00,3.202223346210342214e-08,2.030901209455809354e-03,1.323404855994985974e-01
-8.369403782769848643e-01,-3.925667935677928932e-02,5.041643139398002127e+00,-3.024087260777326425e-02,-3.393825093878745543e-03,1.259881422907112025e+00,3.202223346210342214e-08,2.030901209455809354e-03,1.323404855994985974e-01
-8.429885521580949836e-01,-3.989482635136591682e-02,5.296266233691414804e+00,-3.024086620332658293e-02,-2.987644851987582718e-03,1.286349520027011639e+00,3.202223346210342214e-08,2.030901209455809354e-03,1.323404855994985974e-01
-8.490367247583154864e-01,-4.045173729757432085e-02,5.556182947408807138e+00,-3.024085979887991549e-02,-2.581464610096420760e-03,1.312817617146911253e+00,3.202223346210342214e-08,2.030901209455809354e-03,1.323404855994985974e-01
-8.550848960776469276e-01,-4.092741219540448755e-02,5.821393280550180016e+00,-3.024085339443322029e-02,-2.175284368205260537e-03,1.339285714266810867e+00,3.202223346210342214e-08,2.030901209455809354e-03,1.323404855994985974e-01
-8.611330661160887523e-01,-4.132185104485642385e-02,6.091897233115532551e+00,-3.024084698998651122e-02,-1.769104126314096845e-03,1.365753811386710481e+00,3.202223346210342214e-08,2.030901209455809354e-03,1.323404855994985974e-01
-8.671812348736414044e-01,-4.163505384593012976e-02,6.367694805104864741e+00,-3.024084058553982990e-02,-1.362923884422934453e-03,1.392221908506610095e+00,3.202223346210342214e-08,2.030901209455809354e-03,1.323404855994985974e-01
-8.732294023503047731e-01,-4.186702059862559833e-02,6.648785996518176589e+00,-3.024083418109310695e-02,-9.567436425317746643e-04,1.418690005626509709e+00,3.202223346210342214e-08,2.030901209455809354e-03,1.323404855994985974e-01
-8.792775685460787471e-01,-4.201775130294283650e-02,6.935170807355468980e+00,-3.024082777664646726e-02,-5.505634006406114056e-04,1.445158102746409323e+00,3.202223346210342214e-08,2.030901209455809354e-03,1.323404855994985974e-01
-8.853257334609634377e-01,-4.208724595888184428e-02,7.226849237616741028e+00,-3.024082137219974431e-02,-1.443831587494481469e-04,1.471626199866308937e+00,3.202223346210342214e-08,2.030901209455809354e-03,1.323404855994985974e-01
-8.913738970949586227e-01,-4.207550456644261472e-02,7.523821287301992733e+00,-3.024081496775304911e-02,2.617970831417116423e-04,1.498094296986208551e+00,3.202223346210342214e-08,2.030901209455809354e-03,1.323404855994985974e-01
-8.974220594480646351e-01,-4.198252712562515476e-02,7.826086956411224982e+00,-3.024080856330635392e-02,6.679773250328757683e-04,1.524562394106108165e+00,6.300168450688807542e-03,5.953693159088020020e-03,1.146950875195288516e-01
-9.033442177917121452e-01,-4.172985779743682011e-02,8.133293336982836408e+00,-2.898077487316859380e-02,1.858715956850475089e-03,1.547501411610013866e+00,6.300168450688807542e-03,5.953693159088020020e-03,1.146950875195288516e-01
-9.090143693973320449e-01,-4.123904074288496646e-02,8.445087521055228308e+00,-2.772074118303084408e-02,3.049454588668086552e-03,1.570440429113919567e+00,6.300168450688807542e-03,5.953693159088020020e-03,1.146950875195288516e-01
-9.144325142649243343e-01,-4.051007596196959382e-02,8.761469508628401570e+00,-2.646070749289308396e-02,4.240193220485687607e-03,1.593379446617825268e+00,6.300168450688807542e-03,5.953693159088020020e-03,1.146950875195288516e-01
-9.195986523944892355e-01,-3.954296345469070217e-02,9.082439299702356195e+00,-2.520067380275532731e-02,5.430931852303286927e-03,1.616318464121730969e+00,6.300168450688807542e-03,5.953693159088020020e-03,1.146950875195288516e-01
-9.245127837860266373e-01,-3.833770322104827072e-02,9.407996894277092181e+00,-2.394064011261756025e-02,6.621670484120897524e-03,1.639257481625636670e+00,6.300168450688807542e-03,5.953693159088020020e-03,1.146950875195288516e-01
-9.291749084395362068e-01,-3.689429526104234108e-02,9.738142292352609530e+00,-2.268060642247980013e-02,7.812409115938498579e-03,1.662196499129542371e+00,6.300168450688807542e-03,5.953693159088020020e-03,1.146950875195288516e-01
-9.335850263550183881e-01,-3.521273957467287857e-02,1.007287549392890824e+01,-2.142057273234202613e-02,9.003147747756097899e-03,1.685135516633448072e+00,6.300168450688807542e-03,5.953693159088020020e-03,1.146950875195288516e-01
-9.377431375324732921e-01,-3.329303616193988319e-02,1.041219649900598831e+01,-2.016053904220425907e-02,1.019388637957370849e-02,1.708074534137353773e+00,6.300168450688807542e-03,5.953693159088020020e-03,1.146950875195288516e-01
-9.416492419719002527e-01,-3.113518502284339309e-02,1.075610530758384975e+01,-1.890050535206649202e-02,1.138462501139131042e-02,1.731013551641259474e+00,6.300168450688807542e-03,5.953693159088020020e-03,1.146950875195288516e-01
-9.453033396732997140e-01,-2.873918615738338053e-02,1.110460191966249077e+01,-1.764047166192873883e-02,1.257536364320890887e-02,1.753952569145165175e+00,6.300168450688807542e-03,5.953693159088020020e-03,1.146950875195288516e-01
-9.487054306366715650e-01,-2.610503956555981081e-02,1.145768633524191316e+01,-1.638043797179097871e-02,1.376610227502652120e-02,1.776891586649070875e+00,6.300168450688807542e-03,5.953693159088020020e-03,1.146950875195288516e-01
-9.518555148620160278e-01,-2.323274524737276372e-02,1.181535855432211690e+01,-1.512040428165320471e-02,1.495684090684412312e-02,1.799830604152976576e+00,6.300168450688807542e-03,5.953693159088020020e-03,9.704968943962299921e-02
-9.547535923493328802e-01,-2.012230320282218377e-02,1.217726566894150508e+01,-1.386037059151544459e-02,1.614757953866172158e-02,1.819240542040901243e+00,6.300168450688807542e-03,5.953693159088020020e-03,9.704968943962299921e-02
-9.573996630986223444e-01,-1.677371343190806052e-02,1.254305477113847900e+01,-1.260033690137768447e-02,1.733831817047933391e-02,1.838650479928825909e+00,6.300168450688807542e-03,5.953693159088020020e-03,9.704968943962299921e-02
-9.597937271098839762e-01,-1.318697593463044604e-02,1.291272586091303687e+01,-1.134030321123991047e-02,1.852905680229693236e-02,1.858060417816750576e+00,6.300168450688807542e-03,5.953693159088020020e-03,9.704968943962299921e-02
-9.619357843831183308e-01,-9.362090710989319498e-03,1.328627893826518047e+01,-1.008026952110216423e-02,1.971979543411453428e-02,1.877470355704675242e+00,6.300168450688807542e-03,5.953693159088020020e-03,9.704968943962299921e-02
-9.638258349183248530e-01,-5.299057760984621918e-03,1.366371400319490803e+01,-8.820235830964390233e-03,2.091053406593214314e-02,1.896880293592599909e+00,6.300168450688807542e-03,5.953693159088020020e-03,9.704968943962299921e-02
-9.654638787155039870e-01,-9.978770846164435049e-04,1.404503105570222132e+01,-7.560202140826616235e-03,2.210127269774974507e-02,1.916290231480524575e+00,6.300168450688807542e-03,5.953693159088020020e-03,9.704968943962299921e-02
-9.668499157746556216e-01,3.541451318115246966e-03,1.443023009578711857e+01,-6.300168450688842237e-03,2.329201132956734699e-02,1.935700169368449242e+00,6.300168450688807542e-03,5.953693159088020020e-03,9.704968943962299921e-02
-9.679839460957795350e-01,8.318927447210505005e-03,1.481931112344960155e+01,-5.040134760551095994e-03,2.448274996138495585e-02,1.955110107256373908e+00,6.300168450688807542e-03,5.953693159088020020e-03,9.704968943962299921e-02
-9.688659696788758380e-01,1.333455130266924041e-02,1.521227413868966849e+01,-3.780101070413321995e-03,2.567348859320255777e-02,1.974520045144298575e+00,6.300168450688807542e-03,5.953693159088020020e-03,9.704968943962299921e-02
-9.694959865239448638e-01,1.858832288449149134e-02,1.560911914150732116e+01,-2.520067380275575752e-03,2.686422722502015970e-02,1.993929983032223241e+00,6.300168450688807542e-03,5.953693159088020020e-03,9.704968943962299921e-02
-9.698739966309862792e-01,2.408024219267733065e-02,1.600984613190255956e+01,-1.260033690137801754e-03,2.805496585683776856e-02,2.013339920920147907e+00,6.300168450688807542e-03,5.953693159088020020e-03,9.704968943962299921e-02
-9.699999999999999734e-01,2.981030922722662305e-02,1.641445510987538370e+01,-5.551115123125782702e-17,2.924570448865537048e-02,2.032749858808072574e+00,-2.516978137599962251e-03,9.876442464192197734e-03,7.940429135970193675e-02
-9.700503395627519954e-01,3.585697897424151848e-02,1.682259316746419131e+01,-5.033956275200361652e-04,3.122099298149379892e-02,2.048630717080012875e+00,-2.516978137599962251e-03,9.876442464192197734e-03,7.940429135970193675e-02
-9.702013582510080614e-01,4.229870641982418078e-02,1.723390739670738725e+01,-1.006791255040030697e-03,3.319628147433225512e-02,2.064511575351953176e+00,-2.516978137599962251e-03,9.876442464192197734e-03,7.940429135970193675e-02
-9.704530560647679494e-01,4.913549156397443995e-02,1.764839779760497152e+01,-1.510186882560011351e-03,3.517156996717069051e-02,2.080392433623893478e+00,-2.516978137599962251e-03,9.876442464192197734e-03,7.940429135970193675e-02
-9.708054330040319924e-01,5.636733440669240008e-02,1.806606437015694411e+01,-2.013582510080019761e-03,3.714685846000911895e-02,2.096273291895833779e+00,-2.516978137599962251e-03,9.876442464192197734e-03,7.940429135970193675e-02
-9.712584890687999684e-01,6.399423494797812362e-02,1.848690711436330503e+01,-2.516978137600024701e-03,3.912214695284757515e-02,2.112154150167774080e+00,-2.516978137599962251e-03,9.876442464192197734e-03,7.940429135970193675e-02
-9.718122242590719884e-01,7.201619318783145096e-02,1.891092603022405427e+01,-3.020373765120008824e-03,4.109743544568600360e-02,2.128035008439714382e+00,-2.516978137599962251e-03,9.876442464192197734e-03,7.940429135970193675e-02
-9.724666385748479414e-01,8.043320912625245844e-02,1.933812111773919185e+01,-3.523769392640013765e-03,4.307272393852443898e-02,2.143915866711654683e+00,-2.516978137599962251e-03,9.876442464192197734e-03,7.940429135970193675e-02
-9.732217320161280494e-01,8.924528276324125708e-02,1.976849237690871774e+01,-4.027165020159997888e-03,4.504801243136289518e-02,2.159796724983594984e+00,-2.516978137599962251e-03,9.876442464192197734e-03,7.940429135970193675e-02
-9.740775045829119794e-01,9.845241409879765260e-02,2.020203980773263197e+01,-4.530560647679995889e-03,4.702330092420133056e-02,2.175677583255535286e+00,-2.516978137599962251e-03,9.876442464192197734e-03,7.940429135970193675e-02
-9.750339562752000644e-01,1.080546031329217282e-01,2.063876341021093452e+01,-5.033956275199980013e-03,4.899858941703975901e-02,2.191558441527475587e+00,-2.516978137599962251e-03,9.876442464192197734e-03,7.940429135970193675e-02
-9.760910870929919714e-01,1.180518498656135812e-01,2.107866318434362540e+01,-5.537351902719978014e-03,5.097387790987821521e-02,2.207439299799415888e+00,-2.516978137599962251e-03,9.876442464192197734e-03,7.940429135970193675e-02
-9.772488970362879224e-01,1.284441542968730310e-01,2.152173913013070106e+01,-6.040747530239976015e-03,5.294916640271664365e-02,2.223320158071356190e+00,-2.516978137599962251e-03,9.876442464192197734e-03,6.175889327980241261e-02
-9.785073861050879174e-01,1.392315164267001748e-01,2.196763833961056633e+01,-6.544143157759960139e-03,5.492445489555507904e-02,2.235671936727316567e+00,-2.516978137599962251e-03,9.876442464192197734e-03,6.175889327980241261e-02
-9.798665542993920674e-01,1.504139362550951375e-01,2.241600790482162608e+01,-7.047538785279958140e-03,5.689974338839353524e-02,2.248023715383276944e+00,-2.516978137599962251e-03,9.876442464192197734e-03,6.175889327980241261e-02
-9.813264016192000394e-01,1.619914137820576139e-01,2.286684782576387676e+01,-7.550934412799942264e-03,5.887503188123197062e-02,2.260375494039237321e+00,-2.516978137599962251e-03,9.876442464192197734e-03,6.175889327980241261e-02
-9.828869280645120554e-01,1.739639490075878259e-01,2.332015810243731835e+01,-8.054330040319940265e-03,6.085032037407039907e-02,2.272727272695197698e+00,-2.516978137599962251e-03,9.876442464192197734e-03,6.175889327980241261e-02
-9.845481336353278934e-01,1.863315419316858290e-01,2.377593873484195441e+01,-8.557725667839938266e-03,6.282560886690884139e-02,2.285079051351158075e+00,-2.516978137599962251e-03,9.876442464192197734e-03,6.175889327980241261e-02
-9.863100183316479974e-01,1.990941925543514013e-01,2.423418972297778140e+01,-9.061121295359908512e-03,6.480089735974728371e-02,2.297430830007118452e+00,-2.516978137599962251e-03,9.876442464192197734e-03,6.175889327980241261e-02
-9.881725821534719234e-01,2.122519008755846259e-01,2.469491106684479931e+01,-9.564516922879934269e-03,6.677618585258571215e-02,2.309782608663078829e+00,-2.516978137599962251e-03,9.876442464192197734e-03,6.175889327980241261e-02
-9.901358251007998934e-01,2.258046668953857250e-01,2.515810276644301169e+01,-1.006791255039993227e-02,6.875147434542418223e-02,2.322134387319039206e+00,-2.516978137599962251e-03,9.876442464192197734e-03,6.175889327980241261e-02
-9.921997471736319074e-01,2.397524906137543654e-01,2.562376482177241499e+01,-1.057130817791990252e-02,7.072676283826261068e-02,2.334486165974999583e+00,-2.516978137599962251e-03,9.876442464192197734e-03,6.175889327980241261e-02
-9.943643483719678544e-01,2.540953720306906582e-01,2.609189723283300921e+01,-1.107470380543992827e-02,7.270205133110105300e-02,2.346837944630959960e+00,-2.516978137599962251e-03,9.876442464192197734e-03,6.175889327980241261e-02
-9.966296286958078454e-01,2.688333111461947977e-01,2.656249999962479791e+01,-1.157809943295989852e-02,7.467733982393949532e-02,2.359189723286920337e+00,-2.516978137599962251e-03,9.876442464192197734e-03,6.175889327980241261e-02
-9.989955881451517694e-01,2.839663079602665063e-01,2.703557312214777753e+01,-1.208149506047989652e-02,7.665262831677792377e-02,2.371541501942880714e+00,7.371189062645999712e-04,2.773971456722812423e-03,4.411349519980186512e-02
-1.001397144779122561e+00,2.993523130527566134e-01,2.751076369244034936e+01,-1.193407127922697236e-02,7.720742260812248070e-02,2.380364200982841183e+00,7.371189062645999712e-04,2.773971456722812423e-03,4.411349519980186512e-02
-1.003769216656842600e+00,3.148492770035153931e-01,2.798771880254091471e+01,-1.178664749797404127e-02,7.776221689946705151e-02,2.389186900022801652e+00,7.371189062645999712e-04,2.773971456722812423e-03,4.411349519980186512e-02
-1.006111803778312108e+00,3.304571998125434007e-01,2.846643845244947357e+01,-1.163922371672111711e-02,7.831701119081162232e-02,2.398009599062762121e+00,7.371189062645999712e-04,2.773971456722812423e-03,4.411349519980186512e-02
-1.008424906143531086e+00,3.461760814798402475e-01,2.894692264216602240e+01,-1.149179993546822071e-02,7.887180548215617926e-02,2.406832298102722589e+00,7.371189062645999712e-04,2.773971456722812423e-03,4.411349519980186512e-02
-1.010708523752499310e+00,3.620059220054057114e-01,2.942917137169056474e+01,-1.134437615421528961e-02,7.942659977350073619e-02,2.415654997142683058e+00,7.371189062645999712e-04,2.773971456722812423e-03,4.411349519980186512e-02
-1.012962656605217227e+00,3.779467213892404587e-01,2.991318464102309704e+01,-1.119695237296237933e-02,7.998139406484530700e-02,2.424477696182643527e+00,7.371189062645999712e-04,2.773971456722812423e-03,4.411349519980186512e-02
-1.015187304701684168e+00,3.939984796313440452e-01,3.039896245016362286e+01,-1.104952859170946211e-02,8.053618835618987781e-02,2.433300395222603996e+00,7.371189062645999712e-04,2.773971456722812423e-03,4.411349519980186512e-02
-1.017382468041901022e+00,4.101611967317163043e-01,3.088650479911213864e+01,-1.090210481045654489e-02,8.109098264753443475e-02,2.442123094262564464e+00,7.371189062645999712e-04,2.773971456722812423e-03,4.411349519980186512e-02
-1.019548146625866902e+00,4.264348726903577358e-01,3.137581168786864794e+01,-1.075468102920359992e-02,8.164577693887897780e-02,2.450945793302524933e+00,7.371189062645999712e-04,2.773971456722812423e-03,4.411349519980186512e-02
-1.021684340453582474e+00,4.428195075072680620e-01,3.186688311643315075e+01,-1.060725724795068270e-02,8.220057123022356249e-02,2.459768492342485402e+00,7.371189062645999712e-04,2.773971456722812423e-03,4.411349519980186512e-02
-1.023791049525047292e+00,4.593151011824470609e-01,3.235971908480564707e+01,-1.045983346669775160e-02,8.275536552156811942e-02,2.468591191382445871e+00,7.371189062645999712e-04,2.773971456722812423e-03,4.411349519980186512e-02
-1.025868273840261580e+00,4.759216537158952876e-01,3.285431959298612981e+01,-1.031240968544484826e-02,8.331015981291267636e-02,2.477413890422406340e+00,7.371189062645999712e-04,2.773971456722812423e-03,2.646809711987652136e-02
-1.027916013399225115e+00,4.926391651076122979e-01,3.335033173301300735e+01,-1.016498590419193104e-02,8.386495410425726105e-02,2.482707509846381555e+00,7.371189062645999712e-04,2.773971456722812423e-03,2.646809711987652136e-02
-1.029934268201938341e+00,5.094676353575979810e-01,3.384740259692468101e+01,-1.001756212293899995e-02,8.441974839560180410e-02,2.488001129270356770e+00,7.371189062645999712e-04,2.773971456722812423e-03,2.646809711987652136e-02
-1.031923038248400815e+00,5.264070644658529474e-01,3.434553218472115077e+01,-9.870138341686068850e-03,8.497454268694637491e-02,2.493294748694331986e+00,7.371189062645999712e-04,2.773971456722812423e-03,2.646809711987652136e-02
-1.033882323538612757e+00,5.434574524323768641e-01,3.484472049640241664e+01,-9.722714560433137754e-03,8.552933697829093185e-02,2.498588368118307201e+00,7.371189062645999712e-04,2.773971456722812423e-03,2.646809711987652136e-02
-1.035812124072573948e+00,5.606187992571691758e-01,3.534496753196847862e+01,-9.575290779180234413e-03,8.608413126963548878e-02,2.503881987542282417e+00,7.371189062645999712e-04,2.773971456722812423e-03,2.646809711987652136e-02
-1.037712439850284607e+00,5.778911049402308819e-01,3.584627329141933672e+01,-9.427866997927303316e-03,8.663892556098004571e-02,2.509175606966257632e+00,7.371189062645999712e-04,2.773971456722812423e-03,2.646809711987652136e-02
-1.039583270871744958e+00,5.952743694815614273e-01,3.634863777475498381e+01,-9.280443216674399975e-03,8.719371985232465816e-02,2.514469226390232848e+00,7.371189062645999712e-04,2.773971456722812423e-03,2.646809711987652136e-02
-1.041424617136954556e+00,6.127685928811605898e-01,3.685206098197542701e+01,-9.133019435421468879e-03,8.774851414366918734e-02,2.519762845814208063e+00,7.371189062645999712e-04,2.773971456722812423e-03,2.646809711987652136e-02
-1.043236478645913623e+00,6.303737751390290356e-01,3.735654291308066632e+01,-8.985595654168593294e-03,8.830330843501375815e-02,2.525056465238183279e+00,7.371189062645999712e-04,2.773971456722812423e-03,2.646809711987652136e-02
-1.045018855398621938e+00,6.480899162551663206e-01,3.786208356807070174e+01,-8.838171872915634442e-03,8.885810272635831508e-02,2.530350084662158494e+00,7.371189062645999712e-04,2.773971456722812423e-03,2.646809711987652136e-02
-1.046771747395079721e+00,6.659170162295722228e-01,3.836868294694553327e+01,-8.690748091662731101e-03,8.941289701770288589e-02,2.535643704086133710e+00,7.371189062645999712e-04,2.773971456722812423e-03,2.646809711987652136e-02
-1.048495154635287196e+00,6.838550750622474084e-01,3.887634104970516091e+01,-8.543324310409800004e-03,8.996769130904742895e-02,2.540937323510108925e+00,3.991090386191255279e-03,-4.328439500425135256e-03,8.822699039932695858e-03
-1.050123997689645261e+00,7.017620445340484459e-01,3.938470496838797885e+01,-7.745106233171532295e-03,8.910200340896240467e-02,2.542701863318095334e+00,3.991090386191255279e-03,-4.328439500425135256e-03,8.822699039932695858e-03
-1.051593197128555701e+00,7.194958764258322370e-01,3.989342179503239549e+01,-6.946888155933295811e-03,8.823631550887739428e-02,2.544466403126081744e+00,3.991090386191255279e-03,-4.328439500425135256e-03,8.822699039932695858e-03
-1.052902752952018517e+00,7.370565707375993370e-01,4.040249152963841084e+01,-6.148670078695028102e-03,8.737062760879232837e-02,2.546230942934068153e+00,3.991090386191255279e-03,-4.328439500425135256e-03,8.822699039932695858e-03
-1.054052665160033708e+00,7.544441274693494126e-01,4.091191417220602489e+01,-5.350452001456812434e-03,8.650493970870733185e-02,2.547995482742054563e+00,3.991090386191255279e-03,-4.328439500425135256e-03,8.822699039932695858e-03
-1.055042933752601275e+00,7.716585466210821309e-01,4.142168972273523764e+01,-4.552233924218530847e-03,8.563925180862229369e-02,2.549760022550040972e+00,3.991090386191255279e-03,-4.328439500425135256e-03,8.822699039932695858e-03
-1.055873558729721218e+00,7.886998281927981580e-01,4.193181818122604199e+01,-3.754015846980311710e-03,8.477356390853725554e-02,2.551524562358027381e+00,3.991090386191255279e-03,-4.328439500425135256e-03,8.822699039932695858e-03
-1.056544540091393314e+00,8.055679721844972718e-01,4.244229954767844504e+01,-2.955797769742023184e-03,8.390787600845224514e-02,2.553289102166013791e+00,3.991090386191255279e-03,-4.328439500425135256e-03,8.822699039932695858e-03
-1.057055877837617786e+00,8.222629785961790283e-01,4.295313382209244679e+01,-2.157579692503797109e-03,8.304218810836722087e-02,2.555053641974000200e+00,3.991090386191255279e-03,-4.328439500425135256e-03,8.822699039932695858e-03
-1.057407571968394855e+00,8.387848474278440936e-01,4.346432100446804725e+01,-1.359361615265536338e-03,8.217650020828218271e-02,2.556818181781986610e+00,3.991090386191255279e-03,-4.328439500425135256e-03,8.822699039932695858e-03
-1.057599622483724300e+00,8.551335786794921345e-01,4.397586109480524641e+01,-5.611435380272894458e-04,8.131081230819714456e-02,2.558582721589973019e+00,3.991090386191255279e-03,-4.328439500425135256e-03,8.822699039932695858e-03
-1.057632029383605898e+00,8.713091723511228182e-01,4.448775409310403717e+01,2.370745392109713245e-04,8.044512440811213416e-02,2.560347261397959429e+00,3.991090386191255279e-03,-4.328439500425135256e-03,8.822699039932695858e-03
-1.057504792668039872e+00,8.873116284427368106e-01,4.499999999936442663e+01,1.035292616449218217e-03,7.957943650802709601e-02,2.562111801205945838e+00,3.991090386191255279e-03,-4.328439500425135256e-03,-8.822699039976657220e-03
-1.057217912337026222e+00,9.031409469543338897e-01,4.551224590562481609e+01,1.833510693687465110e-03,7.871374860794205786e-02,2.560347261397950547e+00,3.991090386191255279e-03,-4.328439500425135256e-03,-8.822699039976657220e-03
-1.056771388390564947e+00,9.187971278859135005e-01,4.602413890392360685e+01,2.631728770925712002e-03,7.784806070785703358e-02,2.558582721589955256e+00,3.991090386191255279e-03,-4.328439500425135256e-03,-8.822699039976657220e-03
-1.056165220828655826e+00,9.342801712374766421e-01,4.653567899426079890e+01,3.429946848163972772e-03,7.698237280777200930e-02,2.556818181781959964e+00,3.991090386191255279e-03,-4.328439500425135256e-03,-8.822699039976657220e-03
-1.055399409651299081e+00,9.495900770090225373e-01,4.704686617663639225e+01,4.228164925402261298e-03,7.611668490768697115e-02,2.555053641973964673e+00,3.991090386191255279e-03,-4.328439500425135256e-03,-8.822699039976657220e-03
-1.054473954858494933e+00,9.647268452005511863e-01,4.755770045105038690e+01,5.026383002640466557e-03,7.525099700760194688e-02,2.553289102165969382e+00,3.991090386191255279e-03,-4.328439500425135256e-03,-8.822699039976657220e-03
-1.053388856450243161e+00,9.796904758120632550e-01,4.806818181750278285e+01,5.824601079878727328e-03,7.438530910751693648e-02,2.551524562357974091e+00,3.991090386191255279e-03,-4.328439500425135256e-03,-8.822699039976657220e-03
-1.052144114426543542e+00,9.944809688435582995e-01,4.857831027599358009e+01,6.622819157116960342e-03,7.351962120743191220e-02,2.549760022549978800e+00,3.991090386191255279e-03,-4.328439500425135256e-03,-8.822699039976657220e-03
-1.050739728787396299e+00,1.009098324295035765e+00,4.908808582652277863e+01,7.421037234355248868e-03,7.265393330734687405e-02,2.547995482741983508e+00,3.991090386191255279e-03,-4.328439500425135256e-03,-8.822699039976657220e-03
-1.049175699532801431e+00,1.023542542166496983e+00,4.959750846909037847e+01,8.219255311593454127e-03,7.178824540726186365e-02,2.546230942933988217e+00,3.991090386191255279e-03,-4.328439500425135256e-03,-8.822699039976657220e-03
-1.047452026662758717e+00,1.037813622457940843e+00,5.010657820369637960e+01,9.017473388831742653e-03,7.092255750717682550e-02,2.544466403125992926e+00,3.991090386191255279e-03,-4.328439500425135256e-03,-8.822699039976657220e-03
-1.045568710177268823e+00,1.051911565169367568e+00,5.061529503034078203e+01,9.815691466069947912e-03,7.005686960709178734e-02,2.542701863317997635e+00,3.991090386191255279e-03,-4.328439500425135256e-03,-8.822699039976657220e-03
-1.043525750076330860e+00,1.065836370300777380e+00,5.112365894902357866e+01,1.061390954330823644e-02,6.919118170700674919e-02,2.540937323510002344e+00,5.605172993934828818e-03,-1.053207012875711363e-02,-2.646809711991605224e-02
-1.041290864707790531e+00,1.079463965239603862e+00,5.163131705178317787e+01,1.173494414209523030e-02,6.708476768125530565e-02,2.535643704086019135e+00,5.605172993934828818e-03,-1.053207012875711363e-02,-2.646809711991605224e-02
-1.038831772419492649e+00,1.092670277373279264e+00,5.213791643065798098e+01,1.285597874088213050e-02,6.497835365550391762e-02,2.530350084662035925e+00,5.605172993934828818e-03,-1.053207012875711363e-02,-2.646809711991605224e-02
-1.036148473211437659e+00,1.105455306701805140e+00,5.264345708564798798e+01,1.397701333966915385e-02,6.287193962975247408e-02,2.525056465238052716e+00,5.605172993934828818e-03,-1.053207012875711363e-02,-2.646809711991605224e-02
-1.033240967083624895e+00,1.117819053225180825e+00,5.314793901675319887e+01,1.509804793845609047e-02,6.076552560400105829e-02,2.519762845814069507e+00,5.605172993934828818e-03,-1.053207012875711363e-02,-2.646809711991605224e-02
-1.030109254036055244e+00,1.129761516943405431e+00,5.365136222397361365e+01,1.621908253724305832e-02,5.865911157824964250e-02,2.514469226390086298e+00,5.605172993934828818e-03,-1.053207012875711363e-02,-2.646809711991605224e-02
-1.026753334068727819e+00,1.141282697856480510e+00,5.415372670730923232e+01,1.734011713603000188e-02,5.655269755249822672e-02,2.509175606966103089e+00,5.605172993934828818e-03,-1.053207012875711363e-02,-2.646809711991605224e-02
-1.023173207181643285e+00,1.152382595964404954e+00,5.465503246676005489e+01,1.846115173481699401e-02,5.444628352674676930e-02,2.503881987542119880e+00,5.605172993934828818e-03,-1.053207012875711363e-02,-2.646809711991605224e-02
-1.019368873374800977e+00,1.163061211267179207e+00,5.515527950232608134e+01,1.958218633360393063e-02,5.233986950099539515e-02,2.498588368118136671e+00,5.605172993934828818e-03,-1.053207012875711363e-02,-2.646809711991605224e-02
-1.015340332648201782e+00,1.173318543764803046e+00,5.565446781400731169e+01,2.070322093239090888e-02,5.023345547524392385e-02,2.493294748694153462e+00,5.605172993934828818e-03,-1.053207012875711363e-02,-2.646809711991605224e-02
-1.011087585001844591e+00,1.183154593457276693e+00,5.615259740180374592e+01,2.182425553117789407e-02,4.812704144949249419e-02,2.488001129270170253e+00,5.605172993934828818e-03,-1.053207012875711363e-02,-2.646809711991605224e-02
-1.006610630435730513e+00,1.192569360344599927e+00,5.664966826571538405e+01,2.294529012996483763e-02,4.602062742374110615e-02,2.482707509846187044e+00,5.605172993934828818e-03,-1.053207012875711363e-02,-2.646809711991605224e-02
-1.001909468949858661e+00,1.201562844426773191e+00,5.714568040574222607e+01,2.406632472875182283e-02,4.391421339798969037e-02,2.477413890422203835e+00,5.605172993934828818e-03,-1.053207012875711363e-02,-4.411349519982405570e-02
-9.969841005442297011e-01,1.210135045703796042e+00,5.764028091392267328e+01,2.518735932753878026e-02,4.180779937223823295e-02,2.468591191382238925e+00,5.605172993934828818e-03,-1.053207012875711363e-02,-4.411349519982405570e-02
-9.918345252188432992e-01,1.218285964175668479e+00,5.813311688229512697e+01,2.630839392632573770e-02,3.970138534648684492e-02,2.459768492342274016e+00,5.605172993934828818e-03,-1.053207012875711363e-02,-4.411349519982405570e-02
-9.864607429736995670e-01,1.226015599842390724e+00,5.862418831085958715e+01,2.742942852511269514e-02,3.759497132073541525e-02,2.450945793302309106e+00,5.605172993934828818e-03,-1.053207012875711363e-02,-4.411349519982405570e-02
-9.808627538087981712e-01,1.233323952703962778e+00,5.911349519961605381e+01,2.855046312389968033e-02,3.548855729498395783e-02,2.442123094262344196e+00,5.605172993934828818e-03,-1.053207012875711363e-02,-4.411349519982405570e-02
-9.750405577241396671e-01,1.240211022760384196e+00,5.960103754856452696e+01,2.967149772268662389e-02,3.338214326923255593e-02,2.433300395222379287e+00,5.605172993934828818e-03,-1.053207012875711363e-02,-4.411349519982405570e-02
-9.689941547197236105e-01,1.246676810011655645e+00,6.008681535770500659e+01,3.079253232147360908e-02,3.127572924348112626e-02,2.424477696182414377e+00,5.605172993934828818e-03,-1.053207012875711363e-02,-4.411349519982405570e-02
-9.627235447955502234e-01,1.252721314457776902e+00,6.057082862703749271e+01,3.191356692026053876e-02,2.916931521772972435e-02,2.415654997142449467e+00,5.605172993934828818e-03,-1.053207012875711363e-02,-4.411349519982405570e-02
-9.562287279516192839e-01,1.258344536098747524e+00,6.105307735656198531e+01,3.303460151904755171e-02,2.706290119197826693e-02,2.406832298102484557e+00,5.605172993934828818e-03,-1.053207012875711363e-02,-4.411349519982405570e-02
-9.495097041879312361e-01,1.263546474934567954e+00,6.153356154627848440e+01,3.415563611783448139e-02,2.495648716622689278e-02,2.398009599062519648e+00,5.605172993934828818e-03,-1.053207012875711363e-02,-4.411349519982405570e-02
-9.425664735044855247e-01,1.268327130965238414e+00,6.201228119618698997e+01,3.527667071662146658e-02,2.285007314047546312e-02,2.389186900022554738e+00,5.605172993934828818e-03,-1.053207012875711363e-02,-4.411349519982405570e-02
-9.353990359012825939e-01,1.272686504190758239e+00,6.248923630628750203e+01,3.639770531540839626e-02,2.074365911472406121e-02,2.380364200982589828e+00,5.605172993934828818e-03,-1.053207012875711363e-02,-4.411349519982405570e-02
-9.280073913783222217e-01,1.276624594611127872e+00,6.296442687658002058e+01,3.751873991419540921e-02,1.863724508897263155e-02,2.371541501942624919e+00,6.347940540390270558e-03,-8.780220491507041702e-03,-6.175889327979035281e-02
-9.203766845846752531e-01,1.280176439219092188e+00,6.343749999910294690e+01,3.878832802227348553e-02,1.688120099067116214e-02,2.359189723286666762e+00,6.347940540390270558e-03,-8.780220491507041702e-03,-6.175889327979035281e-02
-9.124920601694127553e-01,1.283377075007396284e+00,6.390810276589468231e+01,4.005791613035148552e-02,1.512515689236976907e-02,2.346837944630708606e+00,6.347940540390270558e-03,-8.780220491507041702e-03,-6.175889327979035281e-02
-9.043535181325346173e-01,1.286226501976040160e+00,6.437623517695523390e+01,4.132750423842958265e-02,1.336911279406835518e-02,2.334486165974750449e+00,6.347940540390270558e-03,-8.780220491507041702e-03,-6.175889327979035281e-02
-8.959610584740408390e-01,1.288724720125023815e+00,6.484189723228459457e+01,4.259709234650761733e-02,1.161306869576696210e-02,2.322134387318792292e+00,6.347940540390270558e-03,-8.780220491507041702e-03,-6.175889327979035281e-02
-8.873146811939317535e-01,1.290871729454347028e+00,6.530508893188276431e+01,4.386668045458565895e-02,9.857024597465548210e-03,2.309782608662834136e+00,6.347940540390270558e-03,-8.780220491507041702e-03,-6.175889327979035281e-02
-8.784143862922066948e-01,1.292667529964010020e+00,6.576581027574972893e+01,4.513626856266371445e-02,8.100980499164162074e-03,2.297430830006875979e+00,6.347940540390270558e-03,-8.780220491507041702e-03,-6.175889327979035281e-02
-8.692601737688659957e-01,1.294112121654012570e+00,6.622406126388550263e+01,4.640585667074179077e-02,6.344936400862741244e-03,2.285079051350917823e+00,6.347940540390270558e-03,-8.780220491507041702e-03,-6.175889327979035281e-02
-8.598520436239099896e-01,1.295205504524355122e+00,6.667984189629008540e+01,4.767544477881980464e-02,4.588892302561362047e-03,2.272727272694959666e+00,6.347940540390270558e-03,-8.780220491507041702e-03,-6.175889327979035281e-02
-8.501899958573382321e-01,1.295947678575037010e+00,6.713315217296347726e+01,4.894503288689788095e-02,2.832848204259927338e-03,2.260375494039001509e+00,6.347940540390270558e-03,-8.780220491507041702e-03,-6.175889327979035281e-02
-8.402740304691507234e-01,1.296338643806059121e+00,6.758399209390567819e+01,5.021462099497594339e-02,1.076804105958520386e-03,2.248023715383043353e+00,6.347940540390270558e-03,-8.780220491507041702e-03,-6.175889327979035281e-02
-8.301041474593479075e-01,1.296378400217420568e+00,6.803236165911668820e+01,5.148420910305398501e-02,-6.792399923428865671e-04,2.235671936727085196e+00,6.347940540390270558e-03,-8.780220491507041702e-03,-6.175889327979035281e-02
-8.196803468279292293e-01,1.296066947809122016e+00,6.847826086859650729e+01,5.275379721113204051e-02,-2.435284090644279642e-03,2.223320158071127040e+00,6.347940540390270558e-03,-8.780220491507041702e-03,-7.940429135969365171e-02
-8.090026285748950219e-01,1.295404286581162800e+00,6.892133681438353676e+01,5.402338531921010295e-02,-4.191328188945714350e-03,2.207439299799188515e+00,6.347940540390270558e-03,-8.780220491507041702e-03,-7.940429135969365171e-02
-7.980709927002451742e-01,1.294390416533543586e+00,6.936123658851617790e+01,5.529297342728814457e-02,-5.947372287247093547e-03,2.191558441527249990e+00,6.347940540390270558e-03,-8.780220491507041702e-03,-7.940429135969365171e-02
-7.868854392039797974e-01,1.293025337666263930e+00,6.979796019099443072e+01,5.656256153536620701e-02,-7.703416385548528256e-03,2.175677583255311465e+00,6.347940540390270558e-03,-8.780220491507041702e-03,-7.940429135969365171e-02
-7.754459680860986692e-01,1.291309049979324053e+00,7.023150762181829521e+01,5.783214964344428333e-02,-9.459460483849962964e-03,2.159796724983372940e+00,6.347940540390270558e-03,-8.780220491507041702e-03,-7.940429135969365171e-02
-7.637525793466022339e-01,1.289241553472723956e+00,7.066187888098777137e+01,5.910173775152230413e-02,-1.121550458215131441e-02,2.143915866711434415e+00,6.347940540390270558e-03,-8.780220491507041702e-03,-7.940429135969365171e-02
-7.518052729854898253e-01,1.286822848146463638e+00,7.108907396850285920e+01,6.037132585960035269e-02,-1.297154868045277687e-02,2.128035008439495890e+00,6.347940540390270558e-03,-8.780220491507041702e-03,-7.940429135969365171e-02
-7.396040490027618874e-01,1.284052934000542878e+00,7.151309288436355871e+01,6.164091396767841513e-02,-1.472759277875415607e-02,2.112154150167557365e+00,6.347940540390270558e-03,-8.780220491507041702e-03,-7.940429135969365171e-02
-7.271489073984185314e-01,1.280931811034962120e+00,7.193393562856986989e+01,6.291050207575649145e-02,-1.648363687705556302e-02,2.096273291895618840e+00,6.347940540390270558e-03,-8.780220491507041702e-03,-7.940429135969365171e-02
-7.144398481724593131e-01,1.277459479249720697e+00,7.235160220112179275e+01,6.418009018383449837e-02,-1.823968097535694222e-02,2.080392433623680315e+00,6.347940540390270558e-03,-8.780220491507041702e-03,-7.940429135969365171e-02
-7.014768713248845655e-01,1.273635938644819054e+00,7.276609260201934148e+01,6.544967829191260245e-02,-1.999572507365837692e-02,2.064511575351741790e+00,6.347940540390270558e-03,-8.780220491507041702e-03,-7.940429135969365171e-02
-6.882599768556943998e-01,1.269461189220257413e+00,7.317740683126250190e+01,6.671926639999062325e-02,-2.175176917195975612e-02,2.048630717079803265e+00,6.347940540390270558e-03,-8.780220491507041702e-03,-7.940429135969365171e-02
-6.747891647648883717e-01,1.264935230976035108e+00,7.358554488885127398e+01,6.798885450806867181e-02,-2.350781327026119083e-02,2.032749858807864740e+00,4.219357013598023717e-03,-5.454816641933805943e-03,-9.704968943960984307e-02
-6.611070067230029323e-01,1.260124571989144515e+00,7.399015386682405904e+01,6.883272591078827551e-02,-2.459877659864794647e-02,2.013339920919942738e+00,4.219357013598023717e-03,-5.454816641933805943e-03,-9.704968943960984307e-02
-6.472560744005728672e-01,1.255095720336575793e+00,7.439088085721925836e+01,6.967659731350790697e-02,-2.568973992703470210e-02,1.993929983032020736e+00,4.219357013598023717e-03,-5.454816641933805943e-03,-9.704968943960984307e-02
-6.332363677975995087e-01,1.249848676018330496e+00,7.478772586003687195e+01,7.052046871622751067e-02,-2.678070325542151672e-02,1.974520045144098734e+00,4.219357013598023717e-03,-5.454816641933805943e-03,-9.704968943960984307e-02
-6.190478869140821905e-01,1.244383439034407512e+00,7.518068887527689981e+01,7.136434011894710050e-02,-2.787166658380822032e-02,1.955110107256176732e+00,4.219357013598023717e-03,-5.454816641933805943e-03,-9.704968943960984307e-02
-6.046906317500204686e-01,1.238700009384807066e+00,7.556976990293934193e+01,7.220821152166674584e-02,-2.896262991219500371e-02,1.935700169368254731e+00,4.219357013598023717e-03,-5.454816641933805943e-03,-9.704968943960984307e-02
-5.901646023054154533e-01,1.232798387069529600e+00,7.595496894302419832e+01,7.305208292438629403e-02,-3.005359324058173159e-02,1.916290231480332729e+00,4.219357013598023717e-03,-5.454816641933805943e-03,-9.704968943960984307e-02
-5.754697985802663673e-01,1.226678572088574448e+00,7.633628599553146898e+01,7.389595432710593936e-02,-3.114455656896854274e-02,1.896880293592410727e+00,4.219357013598023717e-03,-5.454816641933805943e-03,-9.704968943960984307e-02
-5.606062205745727667e-01,1.220340564441942055e+00,7.671372106046115391e+01,7.473982572982554307e-02,-3.223551989735529144e-02,1.877470355704488725e+00,4.219357013598023717e-03,-5.454816641933805943e-03,-9.704968943960984307e-02
-5.455738682883358726e-01,1.213784364129632198e+00,7.708727413781325311e+01,7.558369713254514677e-02,-3.332648322574202626e-02,1.858060417816566723e+00,4.219357013598023717e-03,-5.454816641933805943e-03,-9.704968943960984307e-02
-5.303727417215551299e-01,1.207009971151645322e+00,7.745694522758776657e+01,7.642756853526473659e-02,-3.441744655412874720e-02,1.838650479928644721e+00,4.219357013598023717e-03,-5.454816641933805943e-03,-9.704968943960984307e-02
-5.150028408742297614e-01,1.200017385507980761e+00,7.782273432978470851e+01,7.727143993798435417e-02,-3.550840988251556529e-02,1.819240542040722719e+00,4.219357013598023717e-03,-5.454816641933805943e-03,-9.704968943960984307e-02
-4.994641657463612106e-01,1.192806607198639179e+00,7.818464144440406471e+01,7.811531134070395788e-02,-3.659937321090232787e-02,1.799830604152800717e+00,4.219357013598023717e-03,-5.454816641933805943e-03,-1.146950875195302949e-01
-4.837567163379487001e-01,1.185377636223620135e+00,7.854231366348423649e+01,7.895918274342356158e-02,-3.769033653928906269e-02,1.776891586648894572e+00,4.219357013598023717e-03,-5.454816641933805943e-03,-1.146950875195302949e-01
-4.678804926489915639e-01,1.177730472582923404e+00,7.889539807906362512e+01,7.980305414614319304e-02,-3.878129986767586690e-02,1.753952569144988427e+00,4.219357013598023717e-03,-5.454816641933805943e-03,-1.146950875195302949e-01
-4.518354946794911342e-01,1.169865116276549433e+00,7.924389469114223061e+01,8.064692554886276898e-02,-3.987226319606260172e-02,1.731013551641082282e+00,4.219357013598023717e-03,-5.454816641933805943e-03,-1.146950875195302949e-01
-4.356217224294469115e-01,1.161781567304498441e+00,7.958780349972005297e+01,8.149079695158237269e-02,-4.096322652444933654e-02,1.708074534137176137e+00,4.219357013598023717e-03,-5.454816641933805943e-03,-1.146950875195302949e-01
-4.192391758988579520e-01,1.153479825666769543e+00,7.992712450479709219e+01,8.233466835430199027e-02,-4.205418985283609912e-02,1.685135516633269992e+00,4.219357013598023717e-03,-5.454816641933805943e-03,-1.146950875195302949e-01
-4.026878550877258656e-01,1.144959891363363846e+00,8.026185770637334826e+01,8.317853975702159397e-02,-4.314515318122288945e-02,1.662196499129363847e+00,4.219357013598023717e-03,-5.454816641933805943e-03,-1.146950875195302949e-01
-3.859677599960498751e-01,1.136221764394280687e+00,8.059200310444883542e+01,8.402241115974118379e-02,-4.423611650960962427e-02,1.639257481625457702e+00,4.219357013598023717e-03,-5.454816641933805943e-03,-1.146950875195302949e-01
-3.690788906238291478e-01,1.127265444759519841e+00,8.091756069902353943e+01,8.486628256246081525e-02,-4.532707983799641460e-02,1.616318464121551557e+00,4.219357013598023717e-03,-5.454816641933805943e-03,-1.146950875195302949e-01
-3.520212469710652936e-01,1.118090932459081976e+00,8.123853049009746030e+01,8.571015396518041896e-02,-4.641804316638314942e-02,1.593379446617645412e+00,4.219357013598023717e-03,-5.454816641933805943e-03,-1.146950875195302949e-01
-3.347948290377575353e-01,1.108698227492967092e+00,8.155491247767059804e+01,8.655402536790000878e-02,-4.750900649476993975e-02,1.570440429113739267e+00,4.219357013598023717e-03,-5.454816641933805943e-03,-1.146950875195302949e-01
-3.173996368239050403e-01,1.099087329861173856e+00,8.186670666174295263e+01,8.739789677061962636e-02,-4.859996982315670233e-02,1.547501411609833122e+00,4.219357013598023717e-03,-5.454816641933805943e-03,-1.146950875195302949e-01
-2.998356703295094183e-01,1.089258239563704045e+00,8.217391304231452409e+01,8.824176817333923006e-02,-4.969093315154346491e-02,1.524562394105926977e+00,-1.145592056337949721e-02,5.599129709722899806e-03,-1.323404855994895768e-01
-2.824164351061093647e-01,1.079432035527589928e+00,8.247617871142371371e+01,8.595058406066335976e-02,-4.857110720959884748e-02,1.498094296986029139e+00,-1.145592056337949721e-02,5.599129709722899806e-03,-1.323404855994895768e-01
-2.654554367052437969e-01,1.069829796679864220e+00,8.277315076110892278e+01,8.365939994798739232e-02,-4.745128126765421617e-02,1.471626199866131302e+00,-1.145592056337949721e-02,5.599129709722899806e-03,-1.323404855994895768e-01
-2.489526751269141580e-01,1.060451523020528031e+00,8.306482919137016552e+01,8.136821583531153590e-02,-4.633145532570971670e-02,1.445158102746233464e+00,-1.145592056337949721e-02,5.599129709722899806e-03,-1.323404855994895768e-01
-2.329081503711196988e-01,1.051297214549580916e+00,8.335121400220742771e+01,7.907703172263566560e-02,-4.521162938376513396e-02,1.418690005626335626e+00,-1.145592056337949721e-02,5.599129709722899806e-03,-1.323404855994895768e-01
-2.173218624378596697e-01,1.042366871267021988e+00,8.363230519362070936e+01,7.678584760995968428e-02,-4.409180344182053041e-02,1.392221908506437789e+00,-1.145592056337949721e-02,5.599129709722899806e-03,-1.323404855994895768e-01
-2.021938113271355697e-01,1.033660493172852579e+00,8.390810276561001047e+01,7.449466349728382786e-02,-4.297197749987595461e-02,1.365753811386539951e+00,-1.145592056337949721e-02,5.599129709722899806e-03,-1.323404855994895768e-01
-1.875239970389466215e-01,1.025178080267072023e+00,8.417860671817533103e+01,7.220347938460795756e-02,-4.185215155793140657e-02,1.339285714266642113e+00,-1.145592056337949721e-02,5.599129709722899806e-03,-1.323404855994895768e-01
-1.733124195732921868e-01,1.016919632549679875e+00,8.444381705131667104e+01,6.991229527193200399e-02,-4.073232561598682383e-02,1.312817617146744276e+00,-1.145592056337949721e-02,5.599129709722899806e-03,-1.323404855994895768e-01
-1.595590789301735701e-01,1.008885150020677024e+00,8.470373376503403051e+01,6.762111115925611982e-02,-3.961249967404224803e-02,1.286349520026846438e+00,-1.145592056337949721e-02,5.599129709722899806e-03,-1.323404855994895768e-01
-1.462639751095901330e-01,1.001074632680063026e+00,8.495835685932740944e+01,6.532992704658024952e-02,-3.849267373209765142e-02,1.259881422906948600e+00,-1.145592056337949721e-02,5.599129709722899806e-03,-1.323404855994895768e-01
-1.334271081115412927e-01,9.934880805278378801e-01,8.520768633419680782e+01,6.303874293390429595e-02,-3.737284779015304093e-02,1.233413325787050763e+00,-1.145592056337949721e-02,5.599129709722899806e-03,-1.323404855994895768e-01
-1.210484779360282148e-01,9.861254935640018093e-01,8.545172218964222566e+01,6.074755882122842565e-02,-3.625302184820849982e-02,1.206945228667152925e+00,-1.145592056337949721e-02,5.599129709722899806e-03,-1.499858836794057404e-01
-1.091280845830502888e-01,9.789868717885545912e-01,8.569011151770206425e+01,5.845637470855255535e-02,-3.513319590626391709e-02,1.176948051931271833e+00,-1.145592056337949721e-02,5.599129709722899806e-03,-1.499858836794057404e-01
-9.766592805260704280e-02,9.720722152014961148e-01,8.592250141041472489e+01,5.616519059587658791e-02,-3.401336996431934823e-02,1.146950875195390740e+00,-1.145592056337949721e-02,5.599129709722899806e-03,-1.499858836794057404e-01
-8.666200834469947600e-02,9.653815238028268242e-01,8.614889186778020758e+01,5.387400648320071761e-02,-3.289354402237475161e-02,1.116953698459509647e+00,-1.145592056337949721e-02,5.599129709722899806e-03,-1.499858836794057404e-01
-7.611632545932706106e-02,9.589147975925464973e-01,8.636928288979852653e+01,5.158282237052486119e-02,-3.177371808043015500e-02,1.086956521723628555e+00,-1.145592056337949721e-02,5.599129709722899806e-03,-1.499858836794057404e-01
-6.602887939648939553e-02,9.526720365706546900e-01,8.658367447646966752e+01,4.929163825784889374e-02,-3.065389213848557226e-02,1.056959344987747462e+00,-1.145592056337949721e-02,5.599129709722899806e-03,-1.499858836794057404e-01
-5.639967015618735369e-02,9.466532407371520685e-01,8.679206662779363057e+01,4.700045414517302345e-02,-2.953406619654100340e-02,1.026962168251866370e+00,-1.145592056337949721e-02,5.599129709722899806e-03,-1.499858836794057404e-01
-4.722869773842046370e-02,9.408584100920385218e-01,8.699445934377041567e+01,4.470927003249715315e-02,-2.841424025459643454e-02,9.969649915159852771e-01,-1.145592056337949721e-02,5.599129709722899806e-03,-1.499858836794057404e-01
-3.851596214318838557e-02,9.352875446353134947e-01,8.719085262440002282e+01,4.241808591982119264e-02,-2.729441431265183793e-02,9.669678147801041845e-01,-1.145592056337949721e-02,5.599129709722899806e-03,-1.499858836794057404e-01
-3.026146337049184787e-02,9.299406443669775424e-01,8.738124646968245202e+01,4.012690180714532234e-02,-2.617458837070726907e-02,9.369706380442230920e-01,-1.145592056337949721e-02,5.599129709722899806e-03,-1.499858836794057404e-01
-2.246520142033047937e-02,9.248177092870306648e-01,8.756564087961770326e+01,3.783571769446945898e-02,-2.505476242876272797e-02,9.069734613083419994e-01,-1.145592056337949721e-02,5.599129709722899806e-03,-1.499858836794057404e-01
-1.512717629270397823e-02,9.199187393954724179e-01,8.774403585420577656e+01,3.554453358179349154e-02,-2.393493648681813135e-02,8.769762845724609068e-01,-1.145592056337949721e-02,5.599129709722899806e-03,-1.499858836794057404e-01
-8.247387987612965488e-03,9.152437346923033568e-01,8.791643139344668612e+01,3.325334946911762124e-02,-2.281511054487353474e-02,8.469791078365798143e-01,-1.003371216102577623e-02,-3.094072863247126354e-03,-1.676312817593302584e-01
-1.797392337010039753e-03,9.106188311260637880e-01,8.808247458937881902e+01,3.124660703691249652e-02,-2.343392511752295099e-02,8.134528514847138014e-01,-1.003371216102577623e-02,-3.094072863247126354e-03,-1.676312817593302584e-01
4.251254827152106675e-03,9.058701646452942402e-01,8.824181253404057657e+01,2.923986460470728160e-02,-2.405273969017236030e-02,7.799265951328477886e-01,-1.003371216102577623e-02,-3.094072863247126354e-03,-1.676312817593302584e-01
9.898553504872967257e-03,9.009977352499947134e-01,8.839444522743195876e+01,2.723312217250215689e-02,-2.467155426282183206e-02,7.464003387809817758e-01,-1.003371216102577623e-02,-3.094072863247126354e-03,-1.676312817593302584e-01
1.514450369615281608e-02,8.960015429401654297e-01,8.854037266955296559e+01,2.522637974029703217e-02,-2.529036883547123443e-02,7.128740824291157629e-01,-1.003371216102577623e-02,-3.094072863247126354e-03,-1.676312817593302584e-01
1.998910540099183009e-02,8.908815877158061669e-01,8.867959486040359707e+01,2.321963730809181725e-02,-2.590918340812067150e-02,6.793478260772497501e-01,-1.003371216102577623e-02,-3.094072863247126354e-03,-1.676312817593302584e-01
2.443235861938962417e-02,8.856378695769171472e-01,8.881211179998385319e+01,2.121289487588668907e-02,-2.652799798077010163e-02,6.458215697253837373e-01,-1.003371216102577623e-02,-3.094072863247126354e-03,-1.676312817593302584e-01
2.847426335134639261e-02,8.802703885234983705e-01,8.893792348829374816e+01,1.920615244368156088e-02,-2.714681255341952482e-02,6.122953133735177245e-01,-1.003371216102577623e-02,-3.094072863247126354e-03,-1.676312817593302584e-01
3.211481959686228460e-02,8.747791445555493928e-01,8.905702992533326778e+01,1.719941001147635290e-02,-2.776562712606898270e-02,5.787690570216517116e-01,-1.003371216102577623e-02,-3.094072863247126354e-03,-1.676312817593302584e-01
3.535402735593699830e-02,8.691641376730706581e-01,8.916943111110241205e+01,1.519266757927122298e-02,-2.838444169871837119e-02,5.452428006697856988e-01,-1.003371216102577623e-02,-3.094072863247126354e-03,-1.676312817593302584e-01
3.819188662857068983e-02,8.634253678760621664e-01,8.927512704560118095e+01,1.318592514706609480e-02,-2.900325627136778051e-02,5.117165443179196860e-01,-1.003371216102577623e-02,-3.094072863247126354e-03,-1.676312817593302584e-01
4.062839741476345634e-02,8.575628351645233627e-01,8.937411772882957450e+01,1.117918271486088334e-02,-2.962207084401721757e-02,4.781902879660536176e-01,-1.003371216102577623e-02,-3.094072863247126354e-03,-1.676312817593302584e-01
4.266355971451508272e-02,8.515765395384551351e-01,8.946640316078759270e+01,9.172440282655756894e-03,-3.024088541666665464e-02,4.446640316141875493e-01,-1.003371216102577623e-02,-3.094072863247126354e-03,-1.852766798392462555e-01
4.429737352782570081e-02,8.454664809978568174e-01,8.955163043351363683e+01,7.165697850450629576e-03,-3.085969998931607783e-02,4.076086956463382815e-01,-1.003371216102577623e-02,-3.094072863247126354e-03,-1.852766798392462555e-01
4.552983885469534531e-02,8.392326595427285207e-01,8.962944663904612241e+01,5.158955418245417257e-03,-3.147851456196552877e-02,3.705533596784890138e-01,-1.003371216102577623e-02,-3.094072863247126354e-03,-1.852766798392462555e-01
4.636095569512390518e-02,8.328750751730706892e-01,8.969985177738503523e+01,3.152212986040289506e-03,-3.209732913461493808e-02,3.334980237106397460e-01,-1.003371216102577623e-02,-3.094072863247126354e-03,-1.852766798392462555e-01
4.679072404911144289e-02,8.263937278888828786e-01,8.976284584853037529e+01,1.145470553835162622e-03,-3.271614370726433352e-02,2.964426877427904783e-01,-1.003371216102577623e-02,-3.094072863247126354e-03,-1.852766798392462555e-01
4.681914391665795150e-02,8.197886176901648669e-01,8.981842885248214259e+01,-8.612718783700496969e-04,-3.333495827991378446e-02,2.593873517749412105e-01,-1.003371216102577623e-02,-3.094072863247126354e-03,-1.852766798392462555e-01
4.644621529776343793e-02,8.130597445769172094e-01,8.986660078924035133e+01,-2.868014310575176147e-03,-3.395377285256320765e-02,2.223320158070919428e-01,-1.003371216102577623e-02,-3.094072863247126354e-03,-1.852766798392462555e-01
4.567193819242789526e-02,8.062071085491397948e-01,8.990736165880498731e+01,-4.874756742780303465e-03,-3.457258742521261696e-02,1.852766798392426750e-01,-1.003371216102577623e-02,-3.094072863247126354e-03,-1.852766798392462555e-01
4.449631260065128879e-02,7.992307096068319572e-01,8.994071146117605053e+01,-6.881499174985517518e-03,-3.519140199786205403e-02,1.482213438713934073e-01,-1.003371216102577623e-02,-3.094072863247126354e-03,-1.852766798392462555e-01
4.291933852243368791e-02,7.921305477499948067e-01,8.996665019635354099e+01,-8.888241607190643101e-03,-3.581021657051149110e-02,1.111660079035441534e-01,-1.003371216102577623e-02,-3.094072863247126354e-03,-1.852766798392462555e-01
4.094101595777507874e-02,7.849066229786276772e-01,8.998517786433745869e+01,-1.089498403939577129e-02,-3.642903114316092816e-02,7.411067193569489953e-02,-1.003371216102577623e-02,-3.094072863247126354e-03,-1.852766798392462555e-01
3.856134490667533637e-02,7.775589352927303466e-01,8.999629446512781783e+01,-1.290172647160098274e-02,-3.704784571581035135e-02,3.705533596784564565e-02,-1.003371216102577623e-02,-3.094072863247126354e-03,-1.852766798392462555e-01
3.578032536913466205e-02,7.700874846923033701e-01,8.999999999872460421e+01,-1.490846890380610919e-02,-3.766666028845977454e-02,-3.608224830031758756e-15,3.105931021626272531e-03,7.847220893429113914e-03,0.000000000000000000e+00
3.286075020880600828e-02,7.627110970524800804e-01,8.999999999872460421e+01,-1.428728269948086396e-02,-3.609721610977394829e-02,-3.608224830031758756e-15,3.105931021626272531e-03,7.847220893429113914e-03,0.000000000000000000e+00
3.006541228934228246e-02,7.556485982483938102e-01,8.999999999872460421e+01,-1.366609649515559098e-02,-3.452777193108808734e-02,-3.608224830031758756e-15,3.105931021626272531e-03,7.847220893429113914e-03,0.000000000000000000e+00
2.739431161074372401e-02,7.488999882800448926e-01,8.999999999872460421e+01,-1.304491029083034749e-02,-3.295832775240231660e-02,-3.608224830031758756e-15,3.105931021626272531e-03,7.847220893429113914e-03,0.000000000000000000e+00
2.484744817301021841e-02,7.424652671474331056e-01,8.999999999872460421e+01,-1.242372408650510053e-02,-3.138888357371650423e-02,-3.608224830031758756e-15,3.105931021626272531e-03,7.847220893429113914e-03,0.000000000000000000e+00
2.242482197614165465e-02,7.363444348505581161e-01,8.999999999872460421e+01,-1.180253788217982755e-02,-2.981943939503062940e-02,-3.608224830031758756e-15,3.105931021626272531e-03,7.847220893429113914e-03,0.000000000000000000e+00
2.012643302013824784e-02,7.305374913894207012e-01,8.999999999872460421e+01,-1.118135167785458232e-02,-2.824999521634483091e-02,-3.608224830031758756e-15,3.105931021626272531e-03,7.847220893429113914e-03,0.000000000000000000e+00
1.795228130499988695e-02,7.250444367640203058e-01,8.999999999872460421e+01,-1.056016547352933710e-02,-2.668055103765903935e-02,-3.608224830031758756e-15,3.105931021626272531e-03,7.847220893429113914e-03,0.000000000000000000e+00
1.590236683072648871e-02,7.198652709743570410e-01,8.999999999872460421e+01,-9.938979269204065853e-03,-2.511110685897317146e-02,-3.608224830031758756e-15,3.105931021626272531e-03,7.847220893429113914e-03,0.000000000000000000e+00
1.397668959731822660e-02,7.149999940204310178e-01,8.999999999872460421e+01,-9.317793064878818893e-03,-2.354166268028735909e-02,-3.608224830031758756e-15,3.105931021626272531e-03,7.847220893429113914e-03,0.000000000000000000e+00
1.217524960477501389e-02,7.104486059022422362e-01,8.999999999872460421e+01,-8.696606860553571933e-03,-2.197221850160153978e-02,-3.608224830031758756e-15,3.105931021626272531e-03,7.847220893429113914e-03,0.000000000000000000e+00
1.049804685309677771e-02,7.062111066197903630e-01,8.999999999872460421e+01,-8.075420656228300686e-03,-2.040277432291567883e-02,-3.608224830031758756e-15,3.105931021626272531e-03,7.847220893429113914e-03,0.000000000000000000e+00
8.945081342283665513e-03,7.022874961730758425e-01,8.999999999872460421e+01,-7.454234451903054594e-03,-1.883333014422988727e-02,-3.608224830031758756e-15,3.105931021626272531e-03,7.847220893429113914e-03,0.000000000000000000e+00
7.516353072335599239e-03,6.986777745620985636e-01,8.999999999872460421e+01,-6.833048247577809368e-03,-1.726388596554408184e-02,-3.608224830031758756e-15,3.105931021626272531e-03,7.847220893429113914e-03,0.000000000000000000e+00
6.211862043252527714e-03,6.953819417868581931e-01,8.999999999872460421e+01,-6.211862043252537255e-03,-1.569444178685823477e-02,-3.608224830031758756e-15,3.105931021626272531e-03,7.847220893429113914e-03,0.000000000000000000e+00
5.031608255034561959e-03,6.923999978473551753e-01,8.999999999872460421e+01,-5.590675838927291162e-03,-1.412499760817241545e-02,-3.608224830031758756e-15,3.105931021626272531e-03,7.847220893429113914e-03,0.000000000000000000e+00
3.975591707681642994e-03,6.897319427435892880e-01,8.999999999872460421e+01,-4.969489634602045937e-03,-1.255555342948658226e-02,-3.608224830031758756e-15,3.105931021626272531e-03,7.847220893429113914e-03,0.000000000000000000e+00
3.043812401193734390e-03,6.873777764755605313e-01,8.999999999872460421e+01,-4.348303430276772956e-03,-1.098610925080073519e-02,-3.608224830031758756e-15,3.105931021626272531e-03,7.847220893429113914e-03,0.000000000000000000e+00
2.236270335570916378e-03,6.853374990432690161e-01,8.999999999872460421e+01,-3.727117225951527297e-03,-9.416665072114943635e-03,-3.608224830031758756e-15,3.105931021626272531e-03,7.847220893429113914e-03,0.000000000000000000e+00
1.552965510813144722e-03,6.836111104467146315e-01,8.999999999872460421e+01,-3.105931021626281638e-03,-7.847220893429138200e-03,-3.608224830031758756e-15,3.105931021626272531e-03,7.847220893429113914e-03,0.000000000000000000e+00
9.938979269203996898e-04,6.821986106858972665e-01,8.999999999872460421e+01,-2.484744817301009524e-03,-6.277776714743263375e-03,-3.608224830031758756e-15,3.105931021626272531e-03,7.847220893429113914e-03,0.000000000000000000e+00
5.590675838927290945e-04,6.810999997608172540e-01,8.999999999872460421e+01,-1.863558612975763648e-03,-4.708332536057444062e-03,-3.608224830031758756e-15,3.105931021626272531e-03,7.847220893429113914e-03,0.000000000000000000e+00
2.484744817301049098e-04,6.803152776714743721e-01,8.999999999872460421e+01,-1.242372408650517989e-03,-3.138888357371694138e-03,-3.608224830031758756e-15,3.105931021626272531e-03,7.847220893429113914e-03,0.000000000000000000e+00
6.211862043252324589e-05,6.798444444178686208e-01,8.999999999872460421e+01,-6.211862043252457674e-04,-1.569444178685819313e-03,-3.608224830031758756e-15,3.105931021626272531e-03,7.847220893429113914e-03,0.000000000000000000e+00
0.000000000000000000e+00,6.796875000000000000e-01,8.999999999872460421e+01,0.000000000000000000e+00,0.000000000000000000e+00,-3.608224830031758756e-15,0.000000000000000000e+00,0.000000000000000000e+00,0.000000000000000000e+00
