-4.531250000000000000e-01,4.531250000000000000e-01,0.000000000000000000e+00,0.000000000000000000e+00,0.000000000000000000e+00,0.000000000000000000e+00,-8.311055027707577036e-03,6.351482047519459162e-03,0.000000000000000000e+00
-4.532912211005541980e-01,4.532520296409504601e-01,0.000000000000000000e+00,-1.662211005541532755e-03,1.270296409503908833e-03,0.000000000000000000e+00,-8.311055027707577036e-03,6.351482047519459162e-03,0.000000000000000000e+00
-4.537898844022166256e-01,4.536331185638015628e-01,0.000000000000000000e+00,-3.324422011083037753e-03,2.540592819007789910e-03,0.000000000000000000e+00,-8.311055027707577036e-03,6.351482047519459162e-03,0.000000000000000000e+00
-4.546209899049873382e-01,4.542682667685534748e-01,0.000000000000000000e+00,-4.986633016624539283e-03,3.810889228511669252e-03,0.000000000000000000e+00,-8.311055027707577036e-03,6.351482047519459162e-03,0.000000000000000000e+00
-4.557845376088663358e-01,4.551574742552061403e-01,0.000000000000000000e+00,-6.648844022166047751e-03,5.081185638015552064e-03,0.000000000000000000e+00,-8.311055027707577036e-03,6.351482047519459162e-03,0.000000000000000000e+00
-4.572805275138537850e-01,4.563007410237597261e-01,0.000000000000000000e+00,-8.311055027707577036e-03,6.351482047519459162e-03,0.000000000000000000e+00,-8.311055027707577036e-03,6.351482047519459162e-03,0.000000000000000000e+00
-4.591089596199495193e-01,4.576980670742140656e-01,0.000000000000000000e+00,-9.973266033249106322e-03,7.621778457023366260e-03,0.000000000000000000e+00,-8.311055027707577036e-03,6.351482047519459162e-03,0.000000000000000000e+00
-4.612698339271534831e-01,4.593494524065691031e-01,0.000000000000000000e+00,-1.163547703879060091e-02,8.892074866527238663e-03,0.000000000000000000e+00,-8.311055027707577036e-03,6.351482047519459162e-03,0.000000000000000000e+00
-4.637631504354656764e-01,4.612548970208248944e-01,0.000000000000000000e+00,-1.329768804433213020e-02,1.016237127603113882e-02,0.000000000000000000e+00,-8.311055027707577036e-03,6.351482047519459162e-03,0.000000000000000000e+00
-4.665889091448862658e-01,4.634144009169814948e-01,0.000000000000000000e+00,-1.495989904987363173e-02,1.143266768553502510e-02,0.000000000000000000e+00,-8.311055027707577036e-03,6.351482047519459162e-03,0.000000000000000000e+00
-4.697471100554151402e-01,4.658279640950389044e-01,0.000000000000000000e+00,-1.662211005541515407e-02,1.270296409503891832e-02,0.000000000000000000e+00,-8.311055027707577036e-03,6.351482047519459162e-03,0.000000000000000000e+00
-4.732377531670524107e-01,4.684955865549971232e-01,0.000000000000000000e+00,-1.828432106095666948e-02,1.397326050454281848e-02,0.000000000000000000e+00,-8.311055027707577036e-03,6.351482047519459162e-03,0.000000000000000000e+00
-4.770608384797979107e-01,4.714172682968560957e-01,0.000000000000000000e+00,-1.994653206649818489e-02,1.524355691404670476e-02,0.000000000000000000e+00,-8.311055027707577036e-03,6.351482047519459162e-03,0.000000000000000000e+00
-4.812163659936515292e-01,4.745930093206157108e-01,0.000000000000000000e+00,-2.160874307203969336e-02,1.651385332355059798e-02,0.000000000000000000e+00,-8.311055027707577036e-03,6.351482047519459162e-03,0.000000000000000000e+00
-4.857043357086137103e-01,4.780228096262762461e-01,0.000000000000000000e+00,-2.327095407758121570e-02,1.778414973305449120e-02,0.000000000000000000e+00,-8.311055027707577036e-03,6.351482047519459162e-03,0.000000000000000000e+00
-4.905247476246841210e-01,4.817066692138375350e-01,0.000000000000000000e+00,-2.493316508312273805e-02,1.905444614255838442e-02,0.000000000000000000e+00,-8.311055027707577036e-03,6.351482047519459162e-03,0.000000000000000000e+00
-4.956776017418628166e-01,4.856445880832996886e-01,0.000000000000000000e+00,-2.659537608866424652e-02,2.032474255206226377e-02,0.000000000000000000e+00,-8.311055027707577036e-03,6.351482047519459162e-03,0.000000000000000000e+00
-5.011628980601497974e-01,4.898365662346625404e-01,0.000000000000000000e+00,-2.825758709420576886e-02,2.159503896156615699e-02,0.000000000000000000e+00,-8.311055027707577036e-03,6.351482047519459162e-03,0.000000000000000000e+00
-5.069806365795450631e-01,4.942826036679260349e-01,0.000000000000000000e+00,-2.991979809974726345e-02,2.286533537107005021e-02,0.000000000000000000e+00,-8.311055027707577036e-03,6.351482047519459162e-03,0.000000000000000000e+00
-5.131308173000487249e-01,4.989827003830905050e-01,0.000000000000000000e+00,-3.158200910528878580e-02,2.413563178057394343e-02,0.000000000000000000e+00,-8.311055027707577036e-03,6.351482047519459162e-03,0.000000000000000000e+00
-5.196134402216605608e-01,5.039368563801556178e-01,0.000000000000000000e+00,-3.324422011083030815e-02,2.540592819007783665e-02,0.000000000000000000e+00,-2.127889944584848703e-03,5.851723404961060859e-03,0.000000000000000000e+00
-5.263048420427184348e-01,5.091350764862705436e-01,0.000000000000000000e+00,-3.366979809974728760e-02,2.657627287107005784e-02,0.000000000000000000e+00,-2.127889944584848703e-03,5.851723404961060859e-03,0.000000000000000000e+00
-5.330813594615595452e-01,5.145673655285837311e-01,0.000000000000000000e+00,-3.409537608866423930e-02,2.774661755206226516e-02,0.000000000000000000e+00,-2.127889944584848703e-03,5.851723404961060859e-03,0.000000000000000000e+00
-5.399429924781841139e-01,5.202337235070954025e-01,0.000000000000000000e+00,-3.452095407758122569e-02,2.891696223305446900e-02,0.000000000000000000e+00,-2.127889944584848703e-03,5.851723404961060859e-03,0.000000000000000000e+00
-5.468897410925919189e-01,5.261341504218054466e-01,0.000000000000000000e+00,-3.494653206649817739e-02,3.008730691404667978e-02,0.000000000000000000e+00,-2.127889944584848703e-03,5.851723404961060859e-03,0.000000000000000000e+00
-5.539216053047834043e-01,5.322686462727139745e-01,0.000000000000000000e+00,-3.537211005541515685e-02,3.125765159503889751e-02,0.000000000000000000e+00,-2.127889944584848703e-03,5.851723404961060859e-03,0.000000000000000000e+00
-5.610385851147581260e-01,5.386372110598209861e-01,0.000000000000000000e+00,-3.579768804433212936e-02,3.242799627603111523e-02,0.000000000000000000e+00,-2.127889944584848703e-03,5.851723404961060859e-03,0.000000000000000000e+00
-5.682406805225161950e-01,5.452398447831264816e-01,0.000000000000000000e+00,-3.622326603324909494e-02,3.359834095702332601e-02,0.000000000000000000e+00,-2.127889944584848703e-03,5.851723404961060859e-03,0.000000000000000000e+00
-5.755278915280577223e-01,5.520765474426303498e-01,0.000000000000000000e+00,-3.664884402216607440e-02,3.476868563801553680e-02,0.000000000000000000e+00,-2.127889944584848703e-03,5.851723404961060859e-03,0.000000000000000000e+00
-5.829002181313825970e-01,5.591473190383327019e-01,0.000000000000000000e+00,-3.707442201108303304e-02,3.593903031900774064e-02,0.000000000000000000e+00,-2.127889944584848703e-03,5.851723404961060859e-03,0.000000000000000000e+00
-5.903576603324909300e-01,5.664521595702335377e-01,0.000000000000000000e+00,-3.750000000000000555e-02,3.710937499999995837e-02,0.000000000000000000e+00,-2.127889944584848703e-03,5.851723404961060859e-03,0.000000000000000000e+00
-5.979002181313826103e-01,5.739910690383327463e-01,0.000000000000000000e+00,-3.792557798891697807e-02,3.827971968099216915e-02,0.000000000000000000e+00,-2.127889944584848703e-03,5.851723404961060859e-03,0.000000000000000000e+00
-6.055278915280577490e-01,5.817640474426303276e-01,0.000000000000000000e+00,-3.835115597783393671e-02,3.945006436198437993e-02,0.000000000000000000e+00,-2.127889944584848703e-03,5.851723404961060859e-03,0.000000000000000000e+00
-6.132406805225162350e-01,5.897710947831263928e-01,0.000000000000000000e+00,-3.877673396675090922e-02,4.062040904297659072e-02,0.000000000000000000e+00,-2.127889944584848703e-03,5.851723404961060859e-03,0.000000000000000000e+00
-6.210385851147580683e-01,5.980122110598209417e-01,0.000000000000000000e+00,-3.920231195566789562e-02,4.179075372396878763e-02,0.000000000000000000e+00,-2.127889944584848703e-03,5.851723404961060859e-03,0.000000000000000000e+00
-6.289216053047833599e-01,6.064873962727139745e-01,0.000000000000000000e+00,-3.962788994458486813e-02,4.296109840496102616e-02,0.000000000000000000e+00,-2.127889944584848703e-03,5.851723404961060859e-03,0.000000000000000000e+00
-6.368897410925919989e-01,6.151966504218053799e-01,0.000000000000000000e+00,-4.005346793350181289e-02,4.413144308595323695e-02,0.000000000000000000e+00,-2.127889944584848703e-03,5.851723404961060859e-03,0.000000000000000000e+00
-6.449429924781840962e-01,6.241399735070952692e-01,0.000000000000000000e+00,-4.047904592241878541e-02,4.530178776694543386e-02,0.000000000000000000e+00,-2.127889944584848703e-03,5.851723404961060859e-03,0.000000000000000000e+00
-6.530813594615595408e-01,6.333173655285835313e-01,0.000000000000000000e+00,-4.090462391133575792e-02,4.647213244793764464e-02,0.000000000000000000e+00,-2.127889944584848703e-03,5.851723404961060859e-03,0.000000000000000000e+00
-6.613048420427184437e-01,6.427288264862702771e-01,0.000000000000000000e+00,-4.133020190025271656e-02,4.764247712892988318e-02,0.000000000000000000e+00,-2.127889944584848703e-03,5.851723404961060859e-03,0.000000000000000000e+00
-6.696134402216606940e-01,6.523743563801555068e-01,0.000000000000000000e+00,-4.175577988916970296e-02,4.881282180992208009e-02,0.000000000000000000e+00,1.389238402353845658e-03,3.489457174835945696e-03,0.000000000000000000e+00
-6.779368114314474614e-01,6.622067098856366796e-01,0.000000000000000000e+00,-4.147793220869892827e-02,4.951071324488925257e-02,0.000000000000000000e+00,1.389238402353845658e-03,3.489457174835945696e-03,0.000000000000000000e+00
-6.862046131051402487e-01,6.721786416781112550e-01,0.000000000000000000e+00,-4.120008452822816747e-02,5.020860467985646669e-02,0.000000000000000000e+00,1.389238402353845658e-03,3.489457174835945696e-03,0.000000000000000000e+00
-6.944168452427387228e-01,6.822901517575792329e-01,0.000000000000000000e+00,-4.092223684775738585e-02,5.090649611482364612e-02,0.000000000000000000e+00,1.389238402353845658e-03,3.489457174835945696e-03,0.000000000000000000e+00
-7.025735078442432169e-01,6.925412401240407245e-01,0.000000000000000000e+00,-4.064438916728662504e-02,5.160438754979083248e-02,0.000000000000000000e+00,1.389238402353845658e-03,3.489457174835945696e-03,0.000000000000000000e+00
-7.106746009096535088e-01,7.029319067774955077e-01,0.000000000000000000e+00,-4.036654148681585036e-02,5.230227898475801884e-02,0.000000000000000000e+00,1.389238402353845658e-03,3.489457174835945696e-03,0.000000000000000000e+00
-7.187201244389694876e-01,7.134621517179439154e-01,0.000000000000000000e+00,-4.008869380634508262e-02,5.300017041972522602e-02,0.000000000000000000e+00,1.389238402353845658e-03,3.489457174835945696e-03,0.000000000000000000e+00
-7.267100784321914864e-01,7.241319749453857257e-01,0.000000000000000000e+00,-3.981084612587431487e-02,5.369806185469240545e-02,0.000000000000000000e+00,1.389238402353845658e-03,3.489457174835945696e-03,0.000000000000000000e+00
-7.346444628893191719e-01,7.349413764598207166e-01,0.000000000000000000e+00,-3.953299844540355407e-02,5.439595328965959875e-02,0.000000000000000000e+00,1.389238402353845658e-03,3.489457174835945696e-03,0.000000000000000000e+00
-7.425232778103528775e-01,7.458903562612495541e-01,0.000000000000000000e+00,-3.925515076493277244e-02,5.509384472462678511e-02,0.000000000000000000e+00,1.389238402353845658e-03,3.489457174835945696e-03,0.000000000000000000e+00
-7.503465231952923808e-01,7.569789143496715722e-01,0.000000000000000000e+00,-3.897730308446201164e-02,5.579173615959397148e-02,0.000000000000000000e+00,1.389238402353845658e-03,3.489457174835945696e-03,0.000000000000000000e+00
-7.581141990441376821e-01,7.682070507250871039e-01,0.000000000000000000e+00,-3.869945540399125083e-02,5.648962759456116478e-02,0.000000000000000000e+00,1.389238402353845658e-03,3.489457174835945696e-03,0.000000000000000000e+00
-7.658263053568887813e-01,7.795747653874960381e-01,0.000000000000000000e+00,-3.842160772352047615e-02,5.718751902952835808e-02,0.000000000000000000e+00,1.389238402353845658e-03,3.489457174835945696e-03,0.000000000000000000e+00
-7.734828421335459003e-01,7.910820583368983749e-01,0.000000000000000000e+00,-3.814376004304970147e-02,5.788541046449552363e-02,0.000000000000000000e+00,1.389238402353845658e-03,3.489457174835945696e-03,0.000000000000000000e+00
-7.810838093741088173e-01,8.027289295732943364e-01,0.000000000000000000e+00,-3.786591236257891291e-02,5.858330189946271693e-02,0.000000000000000000e+00,1.389238402353845658e-03,3.489457174835945696e-03,0.000000000000000000e+00
-7.886292070785775321e-01,8.145153790966834784e-01,0.000000000000000000e+00,-3.758806468210817986e-02,5.928119333442991024e-02,0.000000000000000000e+00,1.389238402353845658e-03,3.489457174835945696e-03,0.000000000000000000e+00
-7.961190352469519338e-01,8.264414069070661339e-01,0.000000000000000000e+00,-3.731021700163739130e-02,5.997908476939711742e-02,0.000000000000000000e+00,1.389238402353845658e-03,3.489457174835945696e-03,0.000000000000000000e+00
-8.035532938792324664e-01,8.385070130044423031e-01,0.000000000000000000e+00,-3.703236932116663049e-02,6.067697620436429684e-02,0.000000000000000000e+00,1.389238402353845658e-03,3.489457174835945696e-03,0.000000000000000000e+00
-8.109319829754186859e-01,8.507121973888118749e-01,0.000000000000000000e+00,-3.675452164069586969e-02,6.137486763933144851e-02,0.000000000000000000e+00,1.389238402353845658e-03,3.489457174835945696e-03,0.000000000000000000e+00
-8.182551025355107033e-01,8.630569600601749602e-01,0.000000000000000000e+00,-3.647667396022510888e-02,6.207275907429868345e-02,0.000000000000000000e+00,1.389238402353845658e-03,3.489457174835945696e-03,0.000000000000000000e+00
-8.255226525595087406e-01,8.755413010185313372e-01,0.000000000000000000e+00,-3.619882627975432032e-02,6.277065050926586287e-02,0.000000000000000000e+00,4.839402741154991139e-03,1.460483941992107848e-03,0.000000000000000000e+00
-8.326656297606364054e-01,8.881246407992243741e-01,0.000000000000000000e+00,-3.523094573152331377e-02,6.306274729766428444e-02,0.000000000000000000e+00,4.839402741154991139e-03,1.460483941992107848e-03,0.000000000000000000e+00
-8.396150308521179717e-01,9.007663999375971065e-01,0.000000000000000000e+00,-3.426306518329232803e-02,6.335484408606271989e-02,0.000000000000000000e+00,4.839402741154991139e-03,1.460483941992107848e-03,0.000000000000000000e+00
-8.463708558339533283e-01,9.134665784336495342e-01,0.000000000000000000e+00,-3.329518463506132148e-02,6.364694087446114146e-02,0.000000000000000000e+00,4.839402741154991139e-03,1.460483941992107848e-03,0.000000000000000000e+00
-8.529331047061425863e-01,9.262251762873816574e-01,0.000000000000000000e+00,-3.232730408683030798e-02,6.393903766285954915e-02,0.000000000000000000e+00,4.839402741154991139e-03,1.460483941992107848e-03,0.000000000000000000e+00
-8.593017774686855237e-01,9.390421934987933650e-01,0.000000000000000000e+00,-3.135942353859931531e-02,6.423113445125797072e-02,0.000000000000000000e+00,4.839402741154991139e-03,1.460483941992107848e-03,0.000000000000000000e+00
-8.654768741215822514e-01,9.519176300678846570e-01,0.000000000000000000e+00,-3.039154299036833651e-02,6.452323123965640617e-02,0.000000000000000000e+00,4.839402741154991139e-03,1.460483941992107848e-03,0.000000000000000000e+00
-8.714583946648328805e-01,9.648514859946558664e-01,0.000000000000000000e+00,-2.942366244213732995e-02,6.481532802805482774e-02,0.000000000000000000e+00,4.839402741154991139e-03,1.460483941992107848e-03,0.000000000000000000e+00
-8.772463390984373000e-01,9.778437612791066602e-01,0.000000000000000000e+00,-2.845578189390632340e-02,6.510742481645323543e-02,0.000000000000000000e+00,4.839402741154991139e-03,1.460483941992107848e-03,0.000000000000000000e+00
-8.828407074223953988e-01,9.908944559212371495e-01,0.000000000000000000e+00,-2.748790134567533072e-02,6.539952160485165700e-02,0.000000000000000000e+00,4.839402741154991139e-03,1.460483941992107848e-03,0.000000000000000000e+00
-8.882414996367073989e-01,1.004003569921047445e+00,0.000000000000000000e+00,-2.652002079744433805e-02,6.569161839325009244e-02,0.000000000000000000e+00,4.839402741154991139e-03,1.460483941992107848e-03,0.000000000000000000e+00
-8.934487157413730785e-01,1.017171103278537103e+00,0.000000000000000000e+00,-2.555214024921333149e-02,6.598371518164852789e-02,0.000000000000000000e+00,4.839402741154991139e-03,1.460483941992107848e-03,0.000000000000000000e+00
-8.984623557363927704e-01,1.030397055993706790e+00,0.000000000000000000e+00,-2.458425970098235269e-02,6.627581197004694946e-02,0.000000000000000000e+00,4.839402741154991139e-03,1.460483941992107848e-03,0.000000000000000000e+00
-9.032824196217660306e-01,1.043681428066555839e+00,0.000000000000000000e+00,-2.361637915275133226e-02,6.656790875844534328e-02,0.000000000000000000e+00,4.839402741154991139e-03,1.460483941992107848e-03,0.000000000000000000e+00
-9.079089073974933033e-01,1.057024219497084916e+00,0.000000000000000000e+00,-2.264849860452036734e-02,6.686000554684376485e-02,0.000000000000000000e+00,4.839402741154991139e-03,1.460483941992107848e-03,0.000000000000000000e+00
-9.123418190635742553e-01,1.070425430285293578e+00,0.000000000000000000e+00,-2.168061805628934691e-02,6.715210233524221417e-02,0.000000000000000000e+00,4.839402741154991139e-03,1.460483941992107848e-03,0.000000000000000000e+00
-9.165811546200088866e-01,1.083885060431181824e+00,0.000000000000000000e+00,-2.071273750805835423e-02,6.744419912364058023e-02,0.000000000000000000e+00,4.839402741154991139e-03,1.460483941992107848e-03,0.000000000000000000e+00
-9.206269140667975304e-01,1.097403109934749876e+00,0.000000000000000000e+00,-1.974485695982736155e-02,6.773629591203905731e-02,0.000000000000000000e+00,4.839402741154991139e-03,1.460483941992107848e-03,0.000000000000000000e+00
-9.244790974039398535e-01,1.110979578795997291e+00,0.000000000000000000e+00,-1.877697641159634112e-02,6.802839270043747888e-02,0.000000000000000000e+00,4.839402741154991139e-03,1.460483941992107848e-03,0.000000000000000000e+00
-9.281377046314360779e-01,1.124614467014924735e+00,0.000000000000000000e+00,-1.780909586336537620e-02,6.832048948883590045e-02,0.000000000000000000e+00,4.839402741154991139e-03,1.460483941992107848e-03,0.000000000000000000e+00
-9.316027357492859817e-01,1.138307774591531762e+00,0.000000000000000000e+00,-1.684121531513435577e-02,6.861258627723432202e-02,0.000000000000000000e+00,6.095373379234866884e-03,-2.101377437412524363e-03,0.000000000000000000e+00
-9.348490713447282774e-01,1.151988264298230424e+00,0.000000000000000000e+00,-1.562214063928737441e-02,6.819231078975181159e-02,0.000000000000000000e+00,6.095373379234866884e-03,-2.101377437412524363e-03,0.000000000000000000e+00
-9.378515920050009003e-01,1.165584698907432326e+00,0.000000000000000000e+00,-1.440306596344042081e-02,6.777203530226930117e-02,0.000000000000000000e+00,6.095373379234866884e-03,-2.101377437412524363e-03,0.000000000000000000e+00
-9.406102977301044055e-01,1.179097078419138134e+00,0.000000000000000000e+00,-1.318399128759342731e-02,6.735175981478679075e-02,0.000000000000000000e+00,6.095373379234866884e-03,-2.101377437412524363e-03,0.000000000000000000e+00
-9.431251885200383489e-01,1.192525402833347181e+00,0.000000000000000000e+00,-1.196491661174647197e-02,6.693148432730430808e-02,0.000000000000000000e+00,6.095373379234866884e-03,-2.101377437412524363e-03,0.000000000000000000e+00
-9.453962643748029526e-01,1.205869672150059690e+00,0.000000000000000000e+00,-1.074584193589948888e-02,6.651120883982179766e-02,0.000000000000000000e+00,6.095373379234866884e-03,-2.101377437412524363e-03,0.000000000000000000e+00
-9.474235252943981056e-01,1.219129886369275884e+00,0.000000000000000000e+00,-9.526767260052540487e-03,6.609093335233928723e-02,0.000000000000000000e+00,6.095373379234866884e-03,-2.101377437412524363e-03,0.000000000000000000e+00
-9.492069712788239189e-01,1.232306045490995317e+00,0.000000000000000000e+00,-8.307692584205550457e-03,6.567065786485679069e-02,0.000000000000000000e+00,6.095373379234866884e-03,-2.101377437412524363e-03,0.000000000000000000e+00
-9.507466023280803924e-01,1.245398149515218877e+00,0.000000000000000000e+00,-7.088617908358588182e-03,6.525038237737426638e-02,0.000000000000000000e+00,6.095373379234866884e-03,-2.101377437412524363e-03,0.000000000000000000e+00
-9.520424184421674152e-01,1.258406198441945456e+00,0.000000000000000000e+00,-5.869543232511598152e-03,6.483010688989178372e-02,0.000000000000000000e+00,6.095373379234866884e-03,-2.101377437412524363e-03,0.000000000000000000e+00
-9.530944196210849872e-01,1.271330192271175274e+00,0.000000000000000000e+00,-4.650468556664635877e-03,6.440983140240927329e-02,0.000000000000000000e+00,6.095373379234866884e-03,-2.101377437412524363e-03,0.000000000000000000e+00
-9.539026058648333306e-01,1.284170131002908999e+00,0.000000000000000000e+00,-3.431393880817673603e-03,6.398955591492677675e-02,0.000000000000000000e+00,6.095373379234866884e-03,-2.101377437412524363e-03,0.000000000000000000e+00
-9.544669771734120012e-01,1.296926014637145741e+00,0.000000000000000000e+00,-2.212319204970725206e-03,6.356928042744425245e-02,0.000000000000000000e+00,6.095373379234866884e-03,-2.101377437412524363e-03,0.000000000000000000e+00
-9.547875335468214431e-01,1.309597843173886833e+00,0.000000000000000000e+00,-9.932445291237212981e-04,6.314900493996178366e-02,0.000000000000000000e+00,6.095373379234866884e-03,-2.101377437412524363e-03,0.000000000000000000e+00
-9.548642749850615452e-01,1.322185616613130943e+00,0.000000000000000000e+00,2.258301467232270987e-04,6.272872945247928711e-02,0.000000000000000000e+00,6.095373379234866884e-03,-2.101377437412524363e-03,0.000000000000000000e+00
-9.546972014881323076e-01,1.334689334954878293e+00,0.000000000000000000e+00,1.444904822570203251e-03,6.230845396499673505e-02,0.000000000000000000e+00,6.095373379234866884e-03,-2.101377437412524363e-03,0.000000000000000000e+00
-9.542863130560335083e-01,1.347108998199129326e+00,0.000000000000000000e+00,2.663979498417207159e-03,6.188817847751423851e-02,0.000000000000000000e+00,6.095373379234866884e-03,-2.101377437412524363e-03,0.000000000000000000e+00
-9.536316096887653693e-01,1.359444606345884043e+00,0.000000000000000000e+00,3.883054174264183311e-03,6.146790299003174196e-02,0.000000000000000000e+00,6.095373379234866884e-03,-2.101377437412524363e-03,0.000000000000000000e+00
-9.527330913863278905e-01,1.371696159395142223e+00,0.000000000000000000e+00,5.102128850111159464e-03,6.104762750254927317e-02,0.000000000000000000e+00,6.095373379234866884e-03,-2.101377437412524363e-03,0.000000000000000000e+00
-9.515907581487209610e-01,1.383863657346903864e+00,0.000000000000000000e+00,6.321203525958107861e-03,6.062735201506674887e-02,0.000000000000000000e+00,6.095373379234866884e-03,-2.101377437412524363e-03,0.000000000000000000e+00
-9.502046099759445807e-01,1.395947100201168745e+00,0.000000000000000000e+00,7.540278201805084013e-03,6.020707652758422457e-02,0.000000000000000000e+00,7.351346081093612650e-03,-5.663239829218805199e-03,0.000000000000000000e+00
-9.485495274139615907e-01,1.407875250710101334e+00,0.000000000000000000e+00,9.010547418023824584e-03,5.907442856174049961e-02,0.000000000000000000e+00,7.351346081093612650e-03,-5.663239829218805199e-03,0.000000000000000000e+00
-9.466003910087350537e-01,1.419576871625864989e+00,0.000000000000000000e+00,1.048081663424250964e-02,5.794178059589671914e-02,0.000000000000000000e+00,7.351346081093612650e-03,-5.663239829218805199e-03,0.000000000000000000e+00
-9.443572007602646368e-01,1.431051962948460154e+00,0.000000000000000000e+00,1.195108585046127103e-02,5.680913263005292480e-02,0.000000000000000000e+00,7.351346081093612650e-03,-5.663239829218805199e-03,0.000000000000000000e+00
-9.418199566685505619e-01,1.442300524677886164e+00,0.000000000000000000e+00,1.342135506667995609e-02,5.567648466420919984e-02,0.000000000000000000e+00,7.351346081093612650e-03,-5.663239829218805199e-03,0.000000000000000000e+00
-9.389886587335927182e-01,1.453322556814143685e+00,0.000000000000000000e+00,1.489162428289869666e-02,5.454383669836541937e-02,0.000000000000000000e+00,7.351346081093612650e-03,-5.663239829218805199e-03,0.000000000000000000e+00
-9.358633069553911055e-01,1.464118059357232493e+00,0.000000000000000000e+00,1.636189349911742336e-02,5.341118873252166666e-02,0.000000000000000000e+00,7.351346081093612650e-03,-5.663239829218805199e-03,0.000000000000000000e+00
-9.324439013339457238e-01,1.474687032307152368e+00,0.000000000000000000e+00,1.783216271533612229e-02,5.227854076667792782e-02,0.000000000000000000e+00,7.351346081093612650e-03,-5.663239829218805199e-03,0.000000000000000000e+00
-9.287304418692565733e-01,1.485029475663903753e+00,0.000000000000000000e+00,1.930243193155488368e-02,5.114589280083411960e-02,0.000000000000000000e+00,7.351346081093612650e-03,-5.663239829218805199e-03,0.000000000000000000e+00
-9.247229285613237648e-01,1.495145389427486204e+00,0.000000000000000000e+00,2.077270114777357568e-02,5.001324483499036688e-02,0.000000000000000000e+00,7.351346081093612650e-03,-5.663239829218805199e-03,0.000000000000000000e+00
-9.204213614101472984e-01,1.505034773597899722e+00,0.000000000000000000e+00,2.224297036399230931e-02,4.888059686914661417e-02,0.000000000000000000e+00,7.351346081093612650e-03,-5.663239829218805199e-03,0.000000000000000000e+00
-9.158257404157269521e-01,1.514697628175144750e+00,0.000000000000000000e+00,2.371323958021102907e-02,4.774794890330286146e-02,0.000000000000000000e+00,7.351346081093612650e-03,-5.663239829218805199e-03,0.000000000000000000e+00
-9.109360655780627258e-01,1.524133953159220622e+00,0.000000000000000000e+00,2.518350879642973494e-02,4.661530093745910874e-02,0.000000000000000000e+00,7.351346081093612650e-03,-5.663239829218805199e-03,0.000000000000000000e+00
-9.057523368971549527e-01,1.533343748550128005e+00,0.000000000000000000e+00,2.665377801264848245e-02,4.548265297161530052e-02,0.000000000000000000e+00,7.351346081093612650e-03,-5.663239829218805199e-03,0.000000000000000000e+00
-9.002745543730034106e-01,1.542327014347867120e+00,0.000000000000000000e+00,2.812404722886721609e-02,4.435000500577154781e-02,0.000000000000000000e+00,7.351346081093612650e-03,-5.663239829218805199e-03,0.000000000000000000e+00
-8.945027180056079885e-01,1.551083750552436857e+00,0.000000000000000000e+00,2.959431644508592196e-02,4.321735703992779509e-02,0.000000000000000000e+00,7.351346081093612650e-03,-5.663239829218805199e-03,0.000000000000000000e+00
-8.884368277949690196e-01,1.559613957163837883e+00,0.000000000000000000e+00,3.106458566130462784e-02,4.208470907408401462e-02,0.000000000000000000e+00,7.351346081093612650e-03,-5.663239829218805199e-03,0.000000000000000000e+00
-8.820768837410861707e-01,1.567917634182070419e+00,0.000000000000000000e+00,3.253485487752336147e-02,4.095206110824028967e-02,0.000000000000000000e+00,7.351346081093612650e-03,-5.663239829218805199e-03,0.000000000000000000e+00
-8.754228858439596639e-01,1.575994781607134243e+00,0.000000000000000000e+00,3.400512409374209510e-02,3.981941314239650920e-02,0.000000000000000000e+00,7.351346081093612650e-03,-5.663239829218805199e-03,0.000000000000000000e+00
-8.684748341035892771e-01,1.583845399439029134e+00,0.000000000000000000e+00,3.547539330996080098e-02,3.868676517655272873e-02,0.000000000000000000e+00,7.351346081093612650e-03,-5.663239829218805199e-03,0.000000000000000000e+00
-8.612327285199753435e-01,1.591469487677755312e+00,0.000000000000000000e+00,3.694566252617953461e-02,3.755411721070900377e-02,0.000000000000000000e+00,7.228263304989671068e-03,-6.368707736068096592e-03,0.000000000000000000e+00
-8.536990307486397311e-01,1.598852936965175831e+00,0.000000000000000000e+00,3.839131518717744246e-02,3.628037566349540111e-02,0.000000000000000000e+00,7.228263304989671068e-03,-6.368707736068096592e-03,0.000000000000000000e+00
-8.458762024451044192e-01,1.605981637943153295e+00,0.000000000000000000e+00,3.983696784817538500e-02,3.500663411628174987e-02,0.000000000000000000e+00,7.228263304989671068e-03,-6.368707736068096592e-03,0.000000000000000000e+00
-8.377642436093694078e-01,1.612855590611688594e+00,0.000000000000000000e+00,4.128262050917334836e-02,3.373289256906814026e-02,0.000000000000000000e+00,7.228263304989671068e-03,-6.368707736068096592e-03,0.000000000000000000e+00
-8.293631542414350299e-01,1.619474794970780618e+00,0.000000000000000000e+00,4.272827317017126314e-02,3.245915102185452372e-02,0.000000000000000000e+00,7.228263304989671068e-03,-6.368707736068096592e-03,0.000000000000000000e+00
-8.206729343413009525e-01,1.625839251020430254e+00,0.000000000000000000e+00,4.417392583116921956e-02,3.118540947464092106e-02,0.000000000000000000e+00,7.228263304989671068e-03,-6.368707736068096592e-03,0.000000000000000000e+00
-8.116935839089673976e-01,1.631948958760637058e+00,0.000000000000000000e+00,4.561957849216714128e-02,2.991166792742727676e-02,0.000000000000000000e+00,7.228263304989671068e-03,-6.368707736068096592e-03,0.000000000000000000e+00
-8.024251029444341432e-01,1.637803918191401253e+00,0.000000000000000000e+00,4.706523115316506994e-02,2.863792638021367409e-02,0.000000000000000000e+00,7.228263304989671068e-03,-6.368707736068096592e-03,0.000000000000000000e+00
-7.928674914477011892e-01,1.643404129312722617e+00,0.000000000000000000e+00,4.851088381416302636e-02,2.736418483300004367e-02,0.000000000000000000e+00,7.228263304989671068e-03,-6.368707736068096592e-03,0.000000000000000000e+00
-7.830207494187689798e-01,1.648749592124601149e+00,0.000000000000000000e+00,4.995653647516095502e-02,2.609044328578644101e-02,0.000000000000000000e+00,7.228263304989671068e-03,-6.368707736068096592e-03,0.000000000000000000e+00
-7.728848768576368489e-01,1.653840306627037071e+00,0.000000000000000000e+00,5.140218913615887675e-02,2.481670173857281059e-02,0.000000000000000000e+00,7.228263304989671068e-03,-6.368707736068096592e-03,0.000000000000000000e+00
-7.624598737643054625e-01,1.658676272820030384e+00,0.000000000000000000e+00,5.284784179715680541e-02,2.354296019135918017e-02,0.000000000000000000e+00,7.228263304989671068e-03,-6.368707736068096592e-03,0.000000000000000000e+00
-7.517457401387743765e-01,1.663257490703580643e+00,0.000000000000000000e+00,5.429349445815472019e-02,2.226921864414560526e-02,0.000000000000000000e+00,7.228263304989671068e-03,-6.368707736068096592e-03,0.000000000000000000e+00
-7.407424759810432580e-01,1.667583960277688515e+00,0.000000000000000000e+00,5.573914711915269049e-02,2.099547709693194708e-02,0.000000000000000000e+00,7.228263304989671068e-03,-6.368707736068096592e-03,0.000000000000000000e+00
-7.294500812911131060e-01,1.671655681542353777e+00,0.000000000000000000e+00,5.718479978015061915e-02,1.972173554971834442e-02,0.000000000000000000e+00,7.228263304989671068e-03,-6.368707736068096592e-03,0.000000000000000000e+00
-7.178685560689832545e-01,1.675472654497575764e+00,0.000000000000000000e+00,5.863045244114853394e-02,1.844799400250474175e-02,0.000000000000000000e+00,7.228263304989671068e-03,-6.368707736068096592e-03,0.000000000000000000e+00
-7.059979003146537035e-01,1.679034879143355585e+00,0.000000000000000000e+00,6.007610510214647648e-02,1.717425245529113909e-02,0.000000000000000000e+00,7.228263304989671068e-03,-6.368707736068096592e-03,0.000000000000000000e+00
-6.938381140281246751e-01,1.682342355479692353e+00,0.000000000000000000e+00,6.152175776314440514e-02,1.590051090807748091e-02,0.000000000000000000e+00,7.228263304989671068e-03,-6.368707736068096592e-03,0.000000000000000000e+00
-6.813891972093958360e-01,1.685395083506586289e+00,0.000000000000000000e+00,6.296741042414237544e-02,1.462676936086387824e-02,0.000000000000000000e+00,7.228263304989671068e-03,-6.368707736068096592e-03,0.000000000000000000e+00
-6.686511498584676305e-01,1.688193063224037838e+00,0.000000000000000000e+00,6.441306308514030410e-02,1.335302781365022007e-02,0.000000000000000000e+00,7.228263304989671068e-03,-6.368707736068096592e-03,0.000000000000000000e+00
-6.556239719753398365e-01,1.690736294632046555e+00,0.000000000000000000e+00,6.585871574613821888e-02,1.207928626643661740e-02,0.000000000000000000e+00,1.983856187376320176e-03,-5.142101268760204680e-03,0.000000000000000000e+00
-6.424125517023646648e-01,1.693049309859958829e+00,0.000000000000000000e+00,6.625548698361348465e-02,1.105086601268458896e-02,0.000000000000000000e+00,1.983856187376320176e-03,-5.142101268760204680e-03,0.000000000000000000e+00
-6.291217771818945481e-01,1.695156641037120382e+00,0.000000000000000000e+00,6.665225822108875042e-02,1.002244575893256051e-02,0.000000000000000000e+00,1.983856187376320176e-03,-5.142101268760204680e-03,0.000000000000000000e+00
-6.157516484139291535e-01,1.697058288163531881e+00,0.000000000000000000e+00,6.704902945856400232e-02,8.994025505180511249e-03,0.000000000000000000e+00,1.983856187376320176e-03,-5.142101268760204680e-03,0.000000000000000000e+00
-6.023021653984688140e-01,1.698754251239192659e+00,0.000000000000000000e+00,6.744580069603928196e-02,7.965605251428489741e-03,0.000000000000000000e+00,1.983856187376320176e-03,-5.142101268760204680e-03,0.000000000000000000e+00
-5.887733281355134185e-01,1.700244530264102938e+00,0.000000000000000000e+00,6.784257193351453386e-02,6.937184997676426601e-03,0.000000000000000000e+00,1.983856187376320176e-03,-5.142101268760204680e-03,0.000000000000000000e+00
-5.751651366250630781e-01,1.701529125238263163e+00,0.000000000000000000e+00,6.823934317098978575e-02,5.908764743924405094e-03,0.000000000000000000e+00,1.983856187376320176e-03,-5.142101268760204680e-03,0.000000000000000000e+00
-5.614775908671176818e-01,1.702608036161672667e+00,0.000000000000000000e+00,6.863611440846509315e-02,4.880344490172328076e-03,0.000000000000000000e+00,1.983856187376320176e-03,-5.142101268760204680e-03,0.000000000000000000e+00
-5.477106908616768965e-01,1.703481263034331894e+00,0.000000000000000000e+00,6.903288564594034504e-02,3.851924236420306569e-03,0.000000000000000000e+00,1.983856187376320176e-03,-5.142101268760204680e-03,0.000000000000000000e+00
-5.338644366087413884e-01,1.704148805856240845e+00,0.000000000000000000e+00,6.942965688341558306e-02,2.823503982668229551e-03,0.000000000000000000e+00,1.983856187376320176e-03,-5.142101268760204680e-03,0.000000000000000000e+00
-5.199388281083107133e-01,1.704610664627399519e+00,0.000000000000000000e+00,6.982642812089086271e-02,1.795083728916208043e-03,0.000000000000000000e+00,1.983856187376320176e-03,-5.142101268760204680e-03,0.000000000000000000e+00
-5.059338653603852043e-01,1.704866839347807472e+00,0.000000000000000000e+00,7.022319935836612848e-02,7.666634751641865364e-04,0.000000000000000000e+00,1.983856187376320176e-03,-5.142101268760204680e-03,0.000000000000000000e+00
-4.918495483649643063e-01,1.704917330017465149e+00,0.000000000000000000e+00,7.061997059584138037e-02,-2.617567785878627262e-04,0.000000000000000000e+00,1.983856187376320176e-03,-5.142101268760204680e-03,0.000000000000000000e+00
-4.776858771220483524e-01,1.704762136636372105e+00,0.000000000000000000e+00,7.101674183331666002e-02,-1.290177032339911989e-03,0.000000000000000000e+00,1.983856187376320176e-03,-5.142101268760204680e-03,0.000000000000000000e+00
-4.634428516316376201e-01,1.704401259204529229e+00,0.000000000000000000e+00,7.141351307079191191e-02,-2.318597286091961251e-03,0.000000000000000000e+00,1.983856187376320176e-03,-5.142101268760204680e-03,0.000000000000000000e+00
-4.491204718937317764e-01,1.703834697721935409e+00,0.000000000000000000e+00,7.181028430826717768e-02,-3.347017539844010514e-03,0.000000000000000000e+00,1.983856187376320176e-03,-5.142101268760204680e-03,0.000000000000000000e+00
-4.347187379083308212e-01,1.703062452188591536e+00,0.000000000000000000e+00,7.220705554574244345e-02,-4.375437793596059777e-03,0.000000000000000000e+00,1.983856187376320176e-03,-5.142101268760204680e-03,0.000000000000000000e+00
-4.202376496754348656e-01,1.702084522604497163e+00,0.000000000000000000e+00,7.260382678321769534e-02,-5.403858047348109039e-03,0.000000000000000000e+00,1.983856187376320176e-03,-5.142101268760204680e-03,0.000000000000000000e+00
-4.056772071950436320e-01,1.700900908969652292e+00,0.000000000000000000e+00,7.300059802069297499e-02,-6.432278301100158302e-03,0.000000000000000000e+00,1.983856187376320176e-03,-5.142101268760204680e-03,0.000000000000000000e+00
-3.910374104671575091e-01,1.699511611284056922e+00,0.000000000000000000e+00,7.339736925816822688e-02,-7.460698554852152053e-03,0.000000000000000000e+00,1.983856187376320176e-03,-5.142101268760204680e-03,0.000000000000000000e+00
-3.763182594917763857e-01,1.697916629547711498e+00,0.000000000000000000e+00,7.379414049564350653e-02,-8.489118808604201316e-03,0.000000000000000000e+00,-5.242002972567969682e-03,1.886302064946360213e-04,0.000000000000000000e+00
-3.616642714520988400e-01,1.696222578390120361e+00,0.000000000000000000e+00,7.274573990112988275e-02,-8.451392767305263010e-03,0.000000000000000000e+00,-5.242002972567969682e-03,1.886302064946360213e-04,0.000000000000000000e+00
-3.472199635313245047e-01,1.694536072440789187e+00,0.000000000000000000e+00,7.169733930661631449e-02,-8.413666726006331642e-03,0.000000000000000000e+00,-5.242002972567969682e-03,1.886302064946360213e-04,0.000000000000000000e+00
-3.329853357294524363e-01,1.692857111699717754e+00,0.000000000000000000e+00,7.064893871210271847e-02,-8.375940684707448847e-03,0.000000000000000000e+00,-5.242002972567969682e-03,1.886302064946360213e-04,0.000000000000000000e+00
-3.189603880464835228e-01,1.691185696166906283e+00,0.000000000000000000e+00,6.960053811758915021e-02,-8.338214643408517479e-03,0.000000000000000000e+00,-5.242002972567969682e-03,1.886302064946360213e-04,0.000000000000000000e+00
-3.051451204824168761e-01,1.689521825842354552e+00,0.000000000000000000e+00,6.855213752307554032e-02,-8.300488602109579173e-03,0.000000000000000000e+00,-5.242002972567969682e-03,1.886302064946360213e-04,0.000000000000000000e+00
-2.915395330372529403e-01,1.687865500726062562e+00,0.000000000000000000e+00,6.750373692856191654e-02,-8.262762560810640866e-03,0.000000000000000000e+00,-5.242002972567969682e-03,1.886302064946360213e-04,0.000000000000000000e+00
-2.781436257109921595e-01,1.686216720818030312e+00,0.000000000000000000e+00,6.645533633404833440e-02,-8.225036519511730315e-03,0.000000000000000000e+00,-5.242002972567969682e-03,1.886302064946360213e-04,0.000000000000000000e+00
-2.649573985036337009e-01,1.684575486118258025e+00,0.000000000000000000e+00,6.540693573953473838e-02,-8.187310478212805886e-03,0.000000000000000000e+00,-5.242002972567969682e-03,1.886302064946360213e-04,0.000000000000000000e+00
-2.519808514151783974e-01,1.682941796626745257e+00,0.000000000000000000e+00,6.435853514502117012e-02,-8.149584436913881458e-03,0.000000000000000000e+00,-5.242002972567969682e-03,1.886302064946360213e-04,0.000000000000000000e+00
-2.392139844456253606e-01,1.681315652343492228e+00,0.000000000000000000e+00,6.331013455050756022e-02,-8.111858395614929274e-03,0.000000000000000000e+00,-5.242002972567969682e-03,1.886302064946360213e-04,0.000000000000000000e+00
-2.266567975949750069e-01,1.679697053268499385e+00,0.000000000000000000e+00,6.226173395599395727e-02,-8.074132354315977089e-03,0.000000000000000000e+00,-5.242002972567969682e-03,1.886302064946360213e-04,0.000000000000000000e+00
-2.143092908632278082e-01,1.678085999401765838e+00,0.000000000000000000e+00,6.121333336148038207e-02,-8.036406313017080416e-03,0.000000000000000000e+00,-5.242002972567969682e-03,1.886302064946360213e-04,0.000000000000000000e+00
-2.021714642503829318e-01,1.676482490743292253e+00,0.000000000000000000e+00,6.016493276696676523e-02,-7.998680271718128232e-03,0.000000000000000000e+00,-5.242002972567969682e-03,1.886302064946360213e-04,0.000000000000000000e+00
-1.902433177564411826e-01,1.674886527293078853e+00,0.000000000000000000e+00,5.911653217245320391e-02,-7.960954230419203803e-03,0.000000000000000000e+00,-5.242002972567969682e-03,1.886302064946360213e-04,0.000000000000000000e+00
-1.785248513814017834e-01,1.673298109051124749e+00,0.000000000000000000e+00,5.806813157793958707e-02,-7.923228189120279374e-03,0.000000000000000000e+00,-5.242002972567969682e-03,1.886302064946360213e-04,0.000000000000000000e+00
-1.670160651252650397e-01,1.671717236017430608e+00,0.000000000000000000e+00,5.701973098342598412e-02,-7.885502147821354946e-03,0.000000000000000000e+00,-5.242002972567969682e-03,1.886302064946360213e-04,0.000000000000000000e+00
-1.557169589880314509e-01,1.670143908191996207e+00,0.000000000000000000e+00,5.597133038891240892e-02,-7.847776106522430517e-03,0.000000000000000000e+00,-5.242002972567969682e-03,1.886302064946360213e-04,0.000000000000000000e+00
-1.446275329697001844e-01,1.668578125574821547e+00,0.000000000000000000e+00,5.492292979439879902e-02,-7.810050065223506088e-03,0.000000000000000000e+00,-5.242002972567969682e-03,1.886302064946360213e-04,0.000000000000000000e+00
-1.337477870702719895e-01,1.667019888165906627e+00,0.000000000000000000e+00,5.387452919988523076e-02,-7.772324023924581660e-03,0.000000000000000000e+00,-5.242002972567969682e-03,1.886302064946360213e-04,0.000000000000000000e+00
-1.230777212897461587e-01,1.665469195965251670e+00,0.000000000000000000e+00,5.282612860537162086e-02,-7.734597982625657231e-03,0.000000000000000000e+00,-1.016254909636490900e-02,-7.025561751152195611e-03,0.000000000000000000e+00
-1.127157465505989886e-01,1.663781765133703461e+00,0.000000000000000000e+00,5.079361878609860853e-02,-9.139710332856144231e-03,0.000000000000000000e+00,-1.016254909636490900e-02,-7.025561751152195611e-03,0.000000000000000000e+00
-1.027602737753067763e-01,1.661813311832109230e+00,0.000000000000000000e+00,4.876110896682566559e-02,-1.054482268308652715e-02,0.000000000000000000e+00,-1.016254909636490900e-02,-7.025561751152195611e-03,0.000000000000000000e+00
-9.321130296386880010e-02,1.659563836060468756e+00,0.000000000000000000e+00,4.672859914755266020e-02,-1.194993503331695517e-02,0.000000000000000000e+00,-1.016254909636490900e-02,-7.025561751152195611e-03,0.000000000000000000e+00
-8.406883411628575387e-02,1.657033337818782481e+00,0.000000000000000000e+00,4.469608932827972420e-02,-1.335504738354742482e-02,0.000000000000000000e+00,-1.016254909636490900e-02,-7.025561751152195611e-03,0.000000000000000000e+00
-7.533286723255699924e-02,1.654221817107049963e+00,0.000000000000000000e+00,4.266357950900671187e-02,-1.476015973377782509e-02,0.000000000000000000e+00,-1.016254909636490900e-02,-7.025561751152195611e-03,0.000000000000000000e+00
-6.700340231268282765e-02,1.651129273925271201e+00,0.000000000000000000e+00,4.063106968973369953e-02,-1.616527208400828086e-02,0.000000000000000000e+00,-1.016254909636490900e-02,-7.025561751152195611e-03,0.000000000000000000e+00
-5.908043935666355828e-02,1.647755708273446640e+00,0.000000000000000000e+00,3.859855987046075659e-02,-1.757038443423875052e-02,0.000000000000000000e+00,-1.016254909636490900e-02,-7.025561751152195611e-03,0.000000000000000000e+00
-5.156397836449858746e-02,1.644101120151576056e+00,0.000000000000000000e+00,3.656605005118775120e-02,-1.897549678446919241e-02,0.000000000000000000e+00,-1.016254909636490900e-02,-7.025561751152195611e-03,0.000000000000000000e+00
-4.445401933618849111e-02,1.640165509559659007e+00,0.000000000000000000e+00,3.453354023191481520e-02,-2.038060913469957880e-02,0.000000000000000000e+00,-1.016254909636490900e-02,-7.025561751152195611e-03,0.000000000000000000e+00
-3.775056227173273493e-02,1.635948876497695936e+00,0.000000000000000000e+00,3.250103041264180287e-02,-2.178572148493004845e-02,0.000000000000000000e+00,-1.016254909636490900e-02,-7.025561751152195611e-03,0.000000000000000000e+00
-3.145360717113158955e-02,1.631451220965686844e+00,0.000000000000000000e+00,3.046852059336879401e-02,-2.319083383516051811e-02,0.000000000000000000e+00,-1.016254909636490900e-02,-7.025561751152195611e-03,0.000000000000000000e+00
-2.556315403438524578e-02,1.626672542963631729e+00,0.000000000000000000e+00,2.843601077409585454e-02,-2.459594618539090449e-02,0.000000000000000000e+00,-1.016254909636490900e-02,-7.025561751152195611e-03,0.000000000000000000e+00
-2.007920286149330116e-02,1.621612842491530371e+00,0.000000000000000000e+00,2.640350095482284221e-02,-2.600105853562134639e-02,0.000000000000000000e+00,-1.016254909636490900e-02,-7.025561751152195611e-03,0.000000000000000000e+00
-1.500175365245613041e-02,1.616272119549383213e+00,0.000000000000000000e+00,2.437099113554990620e-02,-2.740617088585178829e-02,0.000000000000000000e+00,-1.016254909636490900e-02,-7.025561751152195611e-03,0.000000000000000000e+00
-1.033080640727338656e-02,1.610650374137189811e+00,0.000000000000000000e+00,2.233848131627689387e-02,-2.881128323608228570e-02,0.000000000000000000e+00,-1.016254909636490900e-02,-7.025561751152195611e-03,0.000000000000000000e+00
-6.066361125945244834e-03,1.604747606254950165e+00,0.000000000000000000e+00,2.030597149700388154e-02,-3.021639558631272759e-02,0.000000000000000000e+00,-1.016254909636490900e-02,-7.025561751152195611e-03,0.000000000000000000e+00
-2.208417808471845739e-03,1.598563815902664720e+00,0.000000000000000000e+00,1.827346167773094554e-02,-3.162150793654311398e-02,0.000000000000000000e+00,-1.016254909636490900e-02,-7.025561751152195611e-03,0.000000000000000000e+00
1.243023545147091749e-03,1.592099003080333031e+00,0.000000000000000000e+00,1.624095185845793321e-02,-3.302662028677355588e-02,0.000000000000000000e+00,-1.016254909636490900e-02,-7.025561751152195611e-03,0.000000000000000000e+00
4.287962934911319565e-03,1.585353167787955542e+00,0.000000000000000000e+00,1.420844203918499721e-02,-3.443173263700394227e-02,0.000000000000000000e+00,-1.016254909636490900e-02,-7.025561751152195611e-03,0.000000000000000000e+00
6.926400360821052815e-03,1.578326310025531587e+00,0.000000000000000000e+00,1.217593221991198488e-02,-3.583684498723443967e-02,0.000000000000000000e+00,-4.998874605018310130e-03,-2.456400063828023672e-04,0.000000000000000000e+00
9.261609312703115646e-03,1.571154028227956800e+00,0.000000000000000000e+00,1.117615729890830863e-02,-3.588597298851099737e-02,0.000000000000000000e+00,-4.998874605018310130e-03,-2.456400063828023672e-04,0.000000000000000000e+00
1.139686328038436863e-02,1.563971920830127260e+00,0.000000000000000000e+00,1.017638237790466707e-02,-3.593510098978760364e-02,0.000000000000000000e+00,-4.998874605018310130e-03,-2.456400063828023672e-04,0.000000000000000000e+00
1.333216226386496096e-02,1.556779987832041856e+00,0.000000000000000000e+00,9.176607456900992554e-03,-3.598422899106410583e-02,0.000000000000000000e+00,-4.998874605018310130e-03,-2.456400063828023672e-04,0.000000000000000000e+00
1.506750626314475906e-02,1.549578229233701254e+00,0.000000000000000000e+00,8.176832535897350998e-03,-3.603335699234065659e-02,0.000000000000000000e+00,-4.998874605018310130e-03,-2.456400063828023672e-04,0.000000000000000000e+00
1.660289527822388436e-02,1.542366645035105677e+00,0.000000000000000000e+00,7.177057614893674747e-03,-3.608248499361724204e-02,0.000000000000000000e+00,-4.998874605018310130e-03,-2.456400063828023672e-04,0.000000000000000000e+00
1.793832930910226747e-02,1.535145235236254457e+00,0.000000000000000000e+00,6.177282693889998497e-03,-3.613161299489382750e-02,0.000000000000000000e+00,-4.998874605018310130e-03,-2.456400063828023672e-04,0.000000000000000000e+00
1.907380835577988237e-02,1.527913999837148040e+00,0.000000000000000000e+00,5.177507772886357808e-03,-3.618074099617038519e-02,0.000000000000000000e+00,-4.998874605018310130e-03,-2.456400063828023672e-04,0.000000000000000000e+00
2.000933241825679845e-02,1.520672938837786203e+00,0.000000000000000000e+00,4.177732851882681557e-03,-3.622986899744692901e-02,0.000000000000000000e+00,-4.998874605018310130e-03,-2.456400063828023672e-04,0.000000000000000000e+00
2.074490149653295673e-02,1.513422052238169613e+00,0.000000000000000000e+00,3.177957930879040868e-03,-3.627899699872350059e-02,0.000000000000000000e+00,-4.998874605018310130e-03,-2.456400063828023672e-04,0.000000000000000000e+00
2.128051559060840231e-02,1.506161340038296936e+00,0.000000000000000000e+00,2.178183009875364617e-03,-3.632812500000004441e-02,0.000000000000000000e+00,-4.998874605018310130e-03,-2.456400063828023672e-04,0.000000000000000000e+00
2.161617470048311437e-02,1.498890802238169062e+00,0.000000000000000000e+00,1.178408088871688584e-03,-3.637725300127658823e-02,0.000000000000000000e+00,-4.998874605018310130e-03,-2.456400063828023672e-04,0.000000000000000000e+00
2.175187882615707904e-02,1.491610438837786434e+00,0.000000000000000000e+00,1.786331678680476778e-04,-3.642638100255315980e-02,0.000000000000000000e+00,-4.998874605018310130e-03,-2.456400063828023672e-04,0.000000000000000000e+00
2.168762796763032061e-02,1.484320249837147943e+00,0.000000000000000000e+00,-8.211417531356285729e-04,-3.647550900382970362e-02,0.000000000000000000e+00,-4.998874605018310130e-03,-2.456400063828023672e-04,0.000000000000000000e+00
2.142342212490283906e-02,1.477020235236254475e+00,0.000000000000000000e+00,-1.820916674139269045e-03,-3.652463700510627520e-02,0.000000000000000000e+00,-4.998874605018310130e-03,-2.456400063828023672e-04,0.000000000000000000e+00
2.095926129797461360e-02,1.469710395035105588e+00,0.000000000000000000e+00,-2.820691595142945512e-03,-3.657376500638287453e-02,0.000000000000000000e+00,-4.998874605018310130e-03,-2.456400063828023672e-04,0.000000000000000000e+00
2.029514548684564768e-02,1.462390729233701059e+00,0.000000000000000000e+00,-3.820466516146621763e-03,-3.662289300765941835e-02,0.000000000000000000e+00,-4.998874605018310130e-03,-2.456400063828023672e-04,0.000000000000000000e+00
1.943107469151597599e-02,1.455061237832041776e+00,0.000000000000000000e+00,-4.820241437150262452e-03,-3.667202100893596217e-02,0.000000000000000000e+00,-4.998874605018310130e-03,-2.456400063828023672e-04,0.000000000000000000e+00
1.836704891198553957e-02,1.447721920830126852e+00,0.000000000000000000e+00,-5.820016358153938703e-03,-3.672114901021250599e-02,0.000000000000000000e+00,-4.998874605018310130e-03,-2.456400063828023672e-04,0.000000000000000000e+00
1.710306814825441474e-02,1.440372778227956951e+00,0.000000000000000000e+00,-6.819791279157579392e-03,-3.677027701148910532e-02,0.000000000000000000e+00,-4.998874605018310130e-03,-2.456400063828023672e-04,0.000000000000000000e+00
1.563913240032251128e-02,1.433013810025531409e+00,0.000000000000000000e+00,-7.819566200161255642e-03,-3.681940501276564914e-02,0.000000000000000000e+00,1.954891550040313911e-03,9.204851253191412286e-03,0.000000000000000000e+00
1.411431699129104579e-02,1.425834026048041769e+00,0.000000000000000000e+00,-7.428587890153187656e-03,-3.497843476212737779e-02,0.000000000000000000e+00,1.954891550040313911e-03,9.204851253191412286e-03,0.000000000000000000e+00
1.266769724426124351e-02,1.419022436120680464e+00,0.000000000000000000e+00,-7.037609580145132680e-03,-3.313746451148909949e-02,0.000000000000000000e+00,1.954891550040313911e-03,9.204851253191412286e-03,0.000000000000000000e+00
1.129927315923300382e-02,1.412579040243446160e+00,0.000000000000000000e+00,-6.646631270137064694e-03,-3.129649426085082814e-02,0.000000000000000000e+00,1.954891550040313911e-03,9.204851253191412286e-03,0.000000000000000000e+00
1.000904473620642561e-02,1.406503838416339969e+00,0.000000000000000000e+00,-6.255652960129009718e-03,-2.945552401021252209e-02,0.000000000000000000e+00,1.954891550040313911e-03,9.204851253191412286e-03,0.000000000000000000e+00
8.797011975181411730e-03,1.400796830639361445e+00,0.000000000000000000e+00,-5.864674650120941732e-03,-2.761455375957422298e-02,0.000000000000000000e+00,1.954891550040313911e-03,9.204851253191412286e-03,0.000000000000000000e+00
7.663174876158015091e-03,1.395458016912510146e+00,0.000000000000000000e+00,-5.473696340112873746e-03,-2.577358350893592387e-02,0.000000000000000000e+00,1.954891550040313911e-03,9.204851253191412286e-03,0.000000000000000000e+00
6.607533439136267783e-03,1.390487397235786959e+00,0.000000000000000000e+00,-5.082718030104818770e-03,-2.393261325829768027e-02,0.000000000000000000e+00,1.954891550040313911e-03,9.204851253191412286e-03,0.000000000000000000e+00
5.630087664116096950e-03,1.385884971609191219e+00,0.000000000000000000e+00,-4.691739720096750783e-03,-2.209164300765939504e-02,0.000000000000000000e+00,1.954891550040313911e-03,9.204851253191412286e-03,0.000000000000000000e+00
4.730837551097571980e-03,1.381650740032723368e+00,0.000000000000000000e+00,-4.300761410088695808e-03,-2.025067275702113756e-02,0.000000000000000000e+00,1.954891550040313911e-03,9.204851253191412286e-03,0.000000000000000000e+00
3.909783100080627821e-03,1.377784702506382741e+00,0.000000000000000000e+00,-3.909783100080627821e-03,-1.840970250638282457e-02,0.000000000000000000e+00,1.954891550040313911e-03,9.204851253191412286e-03,0.000000000000000000e+00
3.166924311065298300e-03,1.374286859030170227e+00,0.000000000000000000e+00,-3.518804790072559401e-03,-1.656873225574451158e-02,0.000000000000000000e+00,1.954891550040313911e-03,9.204851253191412286e-03,0.000000000000000000e+00
2.502261184051606836e-03,1.371157209604084937e+00,0.000000000000000000e+00,-3.127826480064504859e-03,-1.472776200510625411e-02,0.000000000000000000e+00,1.954891550040313911e-03,9.204851253191412286e-03,0.000000000000000000e+00
1.915793719039504206e-03,1.368395754228127537e+00,0.000000000000000000e+00,-2.736848170056436873e-03,-1.288679175446796887e-02,0.000000000000000000e+00,1.954891550040313911e-03,9.204851253191412286e-03,0.000000000000000000e+00
1.407521916029032477e-03,1.366002492902297805e+00,0.000000000000000000e+00,-2.345869860048382331e-03,-1.104582150382973915e-02,0.000000000000000000e+00,1.954891550040313911e-03,9.204851253191412286e-03,0.000000000000000000e+00
9.774457750201569553e-04,1.363977425626595741e+00,0.000000000000000000e+00,-1.954891550040313911e-03,-9.204851253191426164e-03,0.000000000000000000e+00,1.954891550040313911e-03,9.204851253191412286e-03,0.000000000000000000e+00
6.255652960128957460e-04,1.362320552401021345e+00,0.000000000000000000e+00,-1.563913240032245491e-03,-7.363881002553085420e-03,0.000000000000000000e+00,1.954891550040313911e-03,9.204851253191412286e-03,0.000000000000000000e+00
3.518804790072576857e-04,1.361031873225574396e+00,0.000000000000000000e+00,-1.172934930024191165e-03,-5.522910751914855698e-03,0.000000000000000000e+00,1.954891550040313911e-03,9.204851253191412286e-03,0.000000000000000000e+00
1.563913240032235028e-04,1.360111388100255336e+00,0.000000000000000000e+00,-7.819566200161227453e-04,-3.681940501276570465e-03,0.000000000000000000e+00,1.954891550040313911e-03,9.204851253191412286e-03,0.000000000000000000e+00
3.909783100080718352e-05,1.359559097025063945e+00,0.000000000000000000e+00,-3.909783100080683116e-04,-1.840970250638285233e-03,0.000000000000000000e+00,1.954891550040313911e-03,9.204851253191412286e-03,0.000000000000000000e+00
0.000000000000000000e+00,1.359375000000000000e+00,0.000000000000000000e+00,0.000000000000000000e+00,0.000000000000000000e+00,0.000000000000000000e+00,0.000000000000000000e+00,0.000000000000000000e+00,0.000000000000000000e+00
