-6.796875000000000000e-01,2.265625000000000000e-01,0.000000000000000000e+00,0.000000000000000000e+00,0.000000000000000000e+00,0.000000000000000000e+00,-9.257413903061222082e-03,1.425789722205694776e-03,0.000000000000000000e+00
-6.798726482780611535e-01,2.265910157944441006e-01,0.000000000000000000e+00,-1.851482780612244763e-03,2.851579444411412537e-04,0.000000000000000000e+00,-9.257413903061222082e-03,1.425789722205694776e-03,0.000000000000000000e+00
-6.804280931122448361e-01,2.266765631777764578e-01,0.000000000000000000e+00,-3.702965561224503405e-03,5.703158888822755686e-04,0.000000000000000000e+00,-9.257413903061222082e-03,1.425789722205694776e-03,0.000000000000000000e+00
-6.813538345025509368e-01,2.268191421499970439e-01,0.000000000000000000e+00,-5.554448341836718678e-03,8.554738333234170392e-04,0.000000000000000000e+00,-9.257413903061222082e-03,1.425789722205694776e-03,0.000000000000000000e+00
-6.826498724489795666e-01,2.270187527111058312e-01,0.000000000000000000e+00,-7.405931122448965176e-03,1.140631777764551137e-03,0.000000000000000000e+00,-9.257413903061222082e-03,1.425789722205694776e-03,0.000000000000000000e+00
-6.843162069515306145e-01,2.272753948611028751e-01,0.000000000000000000e+00,-9.257413903061208205e-03,1.425789722205696511e-03,0.000000000000000000e+00,-9.257413903061222082e-03,1.425789722205694776e-03,0.000000000000000000e+00
-6.863528380102040805e-01,2.275890685999881202e-01,0.000000000000000000e+00,-1.110889668367345123e-02,1.710947666646830609e-03,0.000000000000000000e+00,-9.257413903061222082e-03,1.425789722205694776e-03,0.000000000000000000e+00
-6.887597656249999645e-01,2.279597739277615664e-01,0.000000000000000000e+00,-1.296037946428571508e-02,1.996105611087975115e-03,0.000000000000000000e+00,-9.257413903061222082e-03,1.425789722205694776e-03,0.000000000000000000e+00
-6.915369897959183776e-01,2.283875108444232693e-01,0.000000000000000000e+00,-1.481186224489795811e-02,2.281263555529112683e-03,0.000000000000000000e+00,-9.257413903061222082e-03,1.425789722205694776e-03,0.000000000000000000e+00
-6.946845105229590978e-01,2.288722793499732011e-01,0.000000000000000000e+00,-1.666334502551020114e-02,2.566421499970248515e-03,0.000000000000000000e+00,-9.257413903061222082e-03,1.425789722205694776e-03,0.000000000000000000e+00
-6.982023278061225691e-01,2.294140794444113896e-01,0.000000000000000000e+00,-1.851482780612244416e-02,2.851579444411387818e-03,0.000000000000000000e+00,-9.257413903061222082e-03,1.425789722205694776e-03,0.000000000000000000e+00
-7.020904416454081254e-01,2.300129111277377514e-01,0.000000000000000000e+00,-2.036631058673469413e-02,3.136737388852527120e-03,0.000000000000000000e+00,-9.257413903061222082e-03,1.425789722205694776e-03,0.000000000000000000e+00
-7.063488520408163218e-01,2.306687743999523976e-01,0.000000000000000000e+00,-2.221779336734693716e-02,3.421895333293668157e-03,0.000000000000000000e+00,-9.257413903061222082e-03,1.425789722205694776e-03,0.000000000000000000e+00
-7.109775589923469363e-01,2.313816692610552450e-01,0.000000000000000000e+00,-2.406927614795917325e-02,3.707053277734802255e-03,0.000000000000000000e+00,-9.257413903061222082e-03,1.425789722205694776e-03,0.000000000000000000e+00
-7.159765624999999689e-01,2.321515957110463213e-01,0.000000000000000000e+00,-2.592075892857140934e-02,3.992211222175943292e-03,0.000000000000000000e+00,-9.257413903061222082e-03,1.425789722205694776e-03,0.000000000000000000e+00
-7.213458625637753086e-01,2.329785537499255710e-01,0.000000000000000000e+00,-2.777224170918367319e-02,4.277369166617084328e-03,0.000000000000000000e+00,-9.257413903061222082e-03,1.425789722205694776e-03,0.000000000000000000e+00
-7.270854591836735104e-01,2.338625433776931883e-01,0.000000000000000000e+00,-2.962372448979591621e-02,4.562527111058221896e-03,0.000000000000000000e+00,-9.257413903061222082e-03,1.425789722205694776e-03,0.000000000000000000e+00
-7.331953523596939082e-01,2.348035645943489236e-01,0.000000000000000000e+00,-3.147520727040814537e-02,4.847685055499359463e-03,0.000000000000000000e+00,-9.257413903061222082e-03,1.425789722205694776e-03,0.000000000000000000e+00
-7.396755420918367241e-01,2.358016173998928600e-01,0.000000000000000000e+00,-3.332669005102038839e-02,5.132842999940497031e-03,0.000000000000000000e+00,-9.257413903061222082e-03,1.425789722205694776e-03,0.000000000000000000e+00
-7.465260283801019581e-01,2.368567017943251085e-01,0.000000000000000000e+00,-3.517817283163263142e-02,5.418000944381634598e-03,0.000000000000000000e+00,-9.257413903061222082e-03,1.425789722205694776e-03,0.000000000000000000e+00
-7.537468112244898322e-01,2.379688177776456137e-01,0.000000000000000000e+00,-3.702965561224487445e-02,5.703158888822779105e-03,0.000000000000000000e+00,-9.257413903061222082e-03,1.425789722205694776e-03,0.000000000000000000e+00
-7.613378906249999023e-01,2.391379653498542091e-01,0.000000000000000000e+00,-3.888113839285711748e-02,5.988316833263913203e-03,0.000000000000000000e+00,-9.257413903061222082e-03,1.425789722205694776e-03,0.000000000000000000e+00
-7.692992665816325015e-01,2.403641445109511166e-01,0.000000000000000000e+00,-4.073262117346940214e-02,6.273474777705054239e-03,0.000000000000000000e+00,-9.257413903061222082e-03,1.425789722205694776e-03,0.000000000000000000e+00
-7.776309390943876299e-01,2.416473552609362252e-01,0.000000000000000000e+00,-4.258410395408160354e-02,6.558632722146191807e-03,0.000000000000000000e+00,-9.257413903061222082e-03,1.425789722205694776e-03,0.000000000000000000e+00
-7.863329081632652873e-01,2.429875975998095905e-01,0.000000000000000000e+00,-4.443558673469383269e-02,6.843790666587329374e-03,0.000000000000000000e+00,-9.257413903061222082e-03,1.425789722205694776e-03,0.000000000000000000e+00
-7.954051737882652517e-01,2.443848715275711569e-01,0.000000000000000000e+00,-4.628706951530611735e-02,7.128948611028473881e-03,0.000000000000000000e+00,-9.257413903061222082e-03,1.425789722205694776e-03,0.000000000000000000e+00
-8.048477359693877453e-01,2.458391770442209801e-01,0.000000000000000000e+00,-4.813855229591834650e-02,7.414106555469604509e-03,0.000000000000000000e+00,-9.257413903061222082e-03,1.425789722205694776e-03,0.000000000000000000e+00
-8.146605947066327680e-01,2.473505141497590598e-01,0.000000000000000000e+00,-4.999003507653060341e-02,7.699264499910749016e-03,0.000000000000000000e+00,-9.257413903061222082e-03,1.425789722205694776e-03,0.000000000000000000e+00
-8.248437499999998757e-01,2.489188828441852852e-01,0.000000000000000000e+00,-5.184151785714281868e-02,7.984422444351886583e-03,0.000000000000000000e+00,2.392161050709766534e-03,5.772383802671615660e-03,0.000000000000000000e+00
-8.351642103504142156e-01,2.506312150091090651e-01,0.000000000000000000e+00,-5.136308564700090007e-02,9.138899204886216307e-03,0.000000000000000000e+00,2.392161050709766534e-03,5.772383802671615660e-03,0.000000000000000000e+00
-8.453889842588002690e-01,2.525744425261397530e-01,0.000000000000000000e+00,-5.088465343685893982e-02,1.029337596542053215e-02,0.000000000000000000e+00,2.392161050709766534e-03,5.772383802671615660e-03,0.000000000000000000e+00
-8.555180717251579248e-01,2.547485653952773488e-01,0.000000000000000000e+00,-5.040622122671699346e-02,1.144785272595485494e-02,0.000000000000000000e+00,2.392161050709766534e-03,5.772383802671615660e-03,0.000000000000000000e+00
-8.655514727494870719e-01,2.571535836165217415e-01,0.000000000000000000e+00,-4.992778901657501933e-02,1.260232948648917946e-02,0.000000000000000000e+00,2.392161050709766534e-03,5.772383802671615660e-03,0.000000000000000000e+00
-8.754891873317879325e-01,2.597894971898729866e-01,0.000000000000000000e+00,-4.944935680643307296e-02,1.375680624702350571e-02,0.000000000000000000e+00,2.392161050709766534e-03,5.772383802671615660e-03,0.000000000000000000e+00
-8.853312154720602845e-01,2.626563061153310841e-01,0.000000000000000000e+00,-4.897092459629114047e-02,1.491128300755782676e-02,0.000000000000000000e+00,2.392161050709766534e-03,5.772383802671615660e-03,0.000000000000000000e+00
-8.950775571703043498e-01,2.657540103928961450e-01,0.000000000000000000e+00,-4.849249238614916635e-02,1.606575976809215128e-02,0.000000000000000000e+00,2.392161050709766534e-03,5.772383802671615660e-03,0.000000000000000000e+00
-9.047282124265200176e-01,2.690826100225679474e-01,0.000000000000000000e+00,-4.801406017600719917e-02,1.722023652862647580e-02,0.000000000000000000e+00,2.392161050709766534e-03,5.772383802671615660e-03,0.000000000000000000e+00
-9.142831812407072878e-01,2.726421050043467131e-01,0.000000000000000000e+00,-4.753562796586527361e-02,1.837471328916079685e-02,0.000000000000000000e+00,2.392161050709766534e-03,5.772383802671615660e-03,0.000000000000000000e+00
-9.237424636128661604e-01,2.764324953382322758e-01,0.000000000000000000e+00,-4.705719575572330643e-02,1.952919004969511790e-02,0.000000000000000000e+00,2.392161050709766534e-03,5.772383802671615660e-03,0.000000000000000000e+00
-9.331060595429966353e-01,2.804537810242247464e-01,0.000000000000000000e+00,-4.657876354558135312e-02,2.068366681022943895e-02,0.000000000000000000e+00,2.392161050709766534e-03,5.772383802671615660e-03,0.000000000000000000e+00
-9.423739690310986017e-01,2.847059620623240694e-01,0.000000000000000000e+00,-4.610033133543942063e-02,2.183814357076376694e-02,0.000000000000000000e+00,2.392161050709766534e-03,5.772383802671615660e-03,0.000000000000000000e+00
-9.515461920771722815e-01,2.891890384525302449e-01,0.000000000000000000e+00,-4.562189912529746733e-02,2.299262033129808799e-02,0.000000000000000000e+00,2.392161050709766534e-03,5.772383802671615660e-03,0.000000000000000000e+00
-9.606227286812176747e-01,2.939030101948433282e-01,0.000000000000000000e+00,-4.514346691515549320e-02,2.414709709183240904e-02,0.000000000000000000e+00,2.392161050709766534e-03,5.772383802671615660e-03,0.000000000000000000e+00
-9.696035788432345592e-01,2.988478772892632085e-01,0.000000000000000000e+00,-4.466503470501353990e-02,2.530157385236673356e-02,0.000000000000000000e+00,2.392161050709766534e-03,5.772383802671615660e-03,0.000000000000000000e+00
-9.784887425632230462e-01,3.040236397357899967e-01,0.000000000000000000e+00,-4.418660249487159353e-02,2.645605061290105808e-02,0.000000000000000000e+00,2.392161050709766534e-03,5.772383802671615660e-03,0.000000000000000000e+00
-9.872782198411831356e-01,3.094302975344236373e-01,0.000000000000000000e+00,-4.370817028472966104e-02,2.761052737343538607e-02,0.000000000000000000e+00,2.392161050709766534e-03,5.772383802671615660e-03,0.000000000000000000e+00
-9.959720106771148274e-01,3.150678506851641303e-01,0.000000000000000000e+00,-4.322973807458771467e-02,2.876500413396970365e-02,0.000000000000000000e+00,2.392161050709766534e-03,5.772383802671615660e-03,0.000000000000000000e+00
-1.004570115071018233e+00,3.209362991880114757e-01,0.000000000000000000e+00,-4.275130586444574055e-02,2.991948089450402470e-02,0.000000000000000000e+00,2.392161050709766534e-03,5.772383802671615660e-03,0.000000000000000000e+00
-1.013072533022893129e+00,3.270356430429657291e-01,0.000000000000000000e+00,-4.227287365430379418e-02,3.107395765503834922e-02,0.000000000000000000e+00,2.392161050709766534e-03,5.772383802671615660e-03,0.000000000000000000e+00
-1.021479264532739739e+00,3.333658822500268348e-01,0.000000000000000000e+00,-4.179444144416183393e-02,3.222843441557266680e-02,0.000000000000000000e+00,2.392161050709766534e-03,5.772383802671615660e-03,0.000000000000000000e+00
-1.029790309600557840e+00,3.399270168091948485e-01,0.000000000000000000e+00,-4.131600923401987369e-02,3.338291117610699132e-02,0.000000000000000000e+00,2.392161050709766534e-03,5.772383802671615660e-03,0.000000000000000000e+00
-1.038005668226347655e+00,3.467190467204696036e-01,0.000000000000000000e+00,-4.083757702387791344e-02,3.453738793664132278e-02,0.000000000000000000e+00,2.392161050709766534e-03,5.772383802671615660e-03,0.000000000000000000e+00
-1.046125340410108961e+00,3.537419719838513776e-01,0.000000000000000000e+00,-4.035914481373598095e-02,3.569186469717564730e-02,0.000000000000000000e+00,2.392161050709766534e-03,5.772383802671615660e-03,0.000000000000000000e+00
-1.054149326151842203e+00,3.609957925993398931e-01,0.000000000000000000e+00,-3.988071260359399295e-02,3.684634145770996488e-02,0.000000000000000000e+00,2.392161050709766534e-03,5.772383802671615660e-03,0.000000000000000000e+00
-1.062077625451546492e+00,3.684805085669353719e-01,0.000000000000000000e+00,-3.940228039345206046e-02,3.800081821824428246e-02,0.000000000000000000e+00,2.392161050709766534e-03,5.772383802671615660e-03,0.000000000000000000e+00
-1.069910238309222716e+00,3.761961198866375922e-01,0.000000000000000000e+00,-3.892384818331007246e-02,3.915529497877860005e-02,0.000000000000000000e+00,2.392161050709766534e-03,5.772383802671615660e-03,0.000000000000000000e+00
-1.077647164724870654e+00,3.841426265584467759e-01,0.000000000000000000e+00,-3.844541597316816772e-02,4.030977173931293150e-02,0.000000000000000000e+00,3.062985903277110067e-03,3.898847017593035091e-03,0.000000000000000000e+00
-1.085274988201438751e+00,3.922825578466611063e-01,0.000000000000000000e+00,-3.783281879251270546e-02,4.108954114283153158e-02,0.000000000000000000e+00,3.062985903277110067e-03,3.898847017593035091e-03,0.000000000000000000e+00
-1.092780292241875895e+00,4.005784430155794329e-01,0.000000000000000000e+00,-3.722022161185729178e-02,4.186931054635015248e-02,0.000000000000000000e+00,3.062985903277110067e-03,3.898847017593035091e-03,0.000000000000000000e+00
-1.100163076846181642e+00,4.090302820652012561e-01,0.000000000000000000e+00,-3.660762443120188503e-02,4.264907994986875950e-02,0.000000000000000000e+00,3.062985903277110067e-03,3.898847017593035091e-03,0.000000000000000000e+00
-1.107423342014356438e+00,4.176380749955269089e-01,0.000000000000000000e+00,-3.599502725054645053e-02,4.342884935338735264e-02,0.000000000000000000e+00,3.062985903277110067e-03,3.898847017593035091e-03,0.000000000000000000e+00
-1.114561087746400281e+00,4.264018218065561139e-01,0.000000000000000000e+00,-3.538243006989107153e-02,4.420861875690595966e-02,0.000000000000000000e+00,3.062985903277110067e-03,3.898847017593035091e-03,0.000000000000000000e+00
-1.121576314042312950e+00,4.353215224982893150e-01,0.000000000000000000e+00,-3.476983288923560234e-02,4.498838816042457361e-02,0.000000000000000000e+00,3.062985903277110067e-03,3.898847017593035091e-03,0.000000000000000000e+00
-1.128469020902094444e+00,4.443971770707260127e-01,0.000000000000000000e+00,-3.415723570858019559e-02,4.576815756394318063e-02,0.000000000000000000e+00,3.062985903277110067e-03,3.898847017593035091e-03,0.000000000000000000e+00
-1.135239208325744986e+00,4.536287855238665401e-01,0.000000000000000000e+00,-3.354463852792476108e-02,4.654792696746178071e-02,0.000000000000000000e+00,3.062985903277110067e-03,3.898847017593035091e-03,0.000000000000000000e+00
-1.141886876313264576e+00,4.630163478577107861e-01,0.000000000000000000e+00,-3.293204134726933352e-02,4.732769637098039467e-02,0.000000000000000000e+00,3.062985903277110067e-03,3.898847017593035091e-03,0.000000000000000000e+00
-1.148412024864652770e+00,4.725598640722586952e-01,0.000000000000000000e+00,-3.231944416661391983e-02,4.810746577449900169e-02,0.000000000000000000e+00,3.062985903277110067e-03,3.898847017593035091e-03,0.000000000000000000e+00
-1.154814653979910011e+00,4.822593341675103229e-01,0.000000000000000000e+00,-3.170684698595849227e-02,4.888723517801760177e-02,0.000000000000000000e+00,3.062985903277110067e-03,3.898847017593035091e-03,0.000000000000000000e+00
-1.161094763659036078e+00,4.921147581434656693e-01,0.000000000000000000e+00,-3.109424980530307858e-02,4.966700458153621572e-02,0.000000000000000000e+00,3.062985903277110067e-03,3.898847017593035091e-03,0.000000000000000000e+00
-1.167252353902031414e+00,5.021261360001249008e-01,0.000000000000000000e+00,-3.048165262464765102e-02,5.044677398505482274e-02,0.000000000000000000e+00,3.062985903277110067e-03,3.898847017593035091e-03,0.000000000000000000e+00
-1.173287424708895355e+00,5.122934677374876289e-01,0.000000000000000000e+00,-2.986905544399223733e-02,5.122654338857342282e-02,0.000000000000000000e+00,3.062985903277110067e-03,3.898847017593035091e-03,0.000000000000000000e+00
-1.179199976079628120e+00,5.226167533555541311e-01,0.000000000000000000e+00,-2.925645826333680977e-02,5.200631279209202984e-02,0.000000000000000000e+00,3.062985903277110067e-03,3.898847017593035091e-03,0.000000000000000000e+00
-1.184990008014230156e+00,5.330959928543245185e-01,0.000000000000000000e+00,-2.864386108268138220e-02,5.278608219561065074e-02,0.000000000000000000e+00,3.062985903277110067e-03,3.898847017593035091e-03,0.000000000000000000e+00
-1.190657520512700795e+00,5.437311862337984580e-01,0.000000000000000000e+00,-2.803126390202596852e-02,5.356585159912925775e-02,0.000000000000000000e+00,3.062985903277110067e-03,3.898847017593035091e-03,0.000000000000000000e+00
-1.196202513575040260e+00,5.545223334939761717e-01,0.000000000000000000e+00,-2.741866672137055483e-02,5.434562100264786477e-02,0.000000000000000000e+00,3.062985903277110067e-03,3.898847017593035091e-03,0.000000000000000000e+00
-1.201624987201248995e+00,5.654694346348575484e-01,0.000000000000000000e+00,-2.680606954071512726e-02,5.512539040616645791e-02,0.000000000000000000e+00,3.062985903277110067e-03,3.898847017593035091e-03,0.000000000000000000e+00
-1.206924941391326556e+00,5.765724896564428104e-01,0.000000000000000000e+00,-2.619347236005969970e-02,5.590515980968507881e-02,0.000000000000000000e+00,3.062985903277110067e-03,3.898847017593035091e-03,0.000000000000000000e+00
-1.212102376145272942e+00,5.878314985587316244e-01,0.000000000000000000e+00,-2.558087517940427214e-02,5.668492921320366501e-02,0.000000000000000000e+00,3.062985903277110067e-03,3.898847017593035091e-03,0.000000000000000000e+00
-1.217157291463088153e+00,5.992464613417241015e-01,0.000000000000000000e+00,-2.496827799874884457e-02,5.746469861672228591e-02,0.000000000000000000e+00,3.062985903277110067e-03,3.898847017593035091e-03,0.000000000000000000e+00
-1.222089687344772413e+00,6.108173780054205748e-01,0.000000000000000000e+00,-2.435568081809341701e-02,5.824446802024088599e-02,0.000000000000000000e+00,3.062985903277110067e-03,3.898847017593035091e-03,0.000000000000000000e+00
-1.226899563790325498e+00,6.225442485498206002e-01,0.000000000000000000e+00,-2.374308363743801720e-02,5.902423742375949300e-02,0.000000000000000000e+00,3.062985903277110067e-03,3.898847017593035091e-03,0.000000000000000000e+00
-1.231586920799747631e+00,6.344270729749242888e-01,0.000000000000000000e+00,-2.313048645678256188e-02,5.980400682727808614e-02,0.000000000000000000e+00,3.062985903277110067e-03,3.898847017593035091e-03,0.000000000000000000e+00
-1.236151758373038589e+00,6.464658512807317514e-01,0.000000000000000000e+00,-2.251788927612718982e-02,6.058377623079670704e-02,0.000000000000000000e+00,3.062985903277110067e-03,3.898847017593035091e-03,0.000000000000000000e+00
-1.240594076510198374e+00,6.586605834672429882e-01,0.000000000000000000e+00,-2.190529209547176226e-02,6.136354563431532794e-02,0.000000000000000000e+00,3.062985903277110067e-03,3.898847017593035091e-03,0.000000000000000000e+00
-1.244913875211227205e+00,6.710112695344578881e-01,0.000000000000000000e+00,-2.129269491481630694e-02,6.214331503783392108e-02,0.000000000000000000e+00,4.599021518087761939e-03,6.688699905579853500e-05,0.000000000000000000e+00
-1.249080433763828824e+00,6.834412702820057417e-01,0.000000000000000000e+00,-2.037289061119872124e-02,6.215669243764507246e-02,0.000000000000000000e+00,4.599021518087761939e-03,6.688699905579853500e-05,0.000000000000000000e+00
-1.253063031455706522e+00,6.958739465095160615e-01,0.000000000000000000e+00,-1.945308630758118412e-02,6.217006983745624465e-02,0.000000000000000000e+00,4.599021518087761939e-03,6.688699905579853500e-05,0.000000000000000000e+00
-1.256861668286861189e+00,7.083092982169882923e-01,0.000000000000000000e+00,-1.853328200396365047e-02,6.218344723726740297e-02,0.000000000000000000e+00,4.599021518087761939e-03,6.688699905579853500e-05,0.000000000000000000e+00
-1.260476344257291936e+00,7.207473254044227673e-01,0.000000000000000000e+00,-1.761347770034609600e-02,6.219682463707855435e-02,0.000000000000000000e+00,4.599021518087761939e-03,6.688699905579853500e-05,0.000000000000000000e+00
-1.263907059366999652e+00,7.331880280718195975e-01,0.000000000000000000e+00,-1.669367339672856582e-02,6.221020203688971961e-02,0.000000000000000000e+00,4.599021518087761939e-03,6.688699905579853500e-05,0.000000000000000000e+00
-1.267153813615983671e+00,7.456314062191788938e-01,0.000000000000000000e+00,-1.577386909311099400e-02,6.222357943670087793e-02,0.000000000000000000e+00,4.599021518087761939e-03,6.688699905579853500e-05,0.000000000000000000e+00
-1.270216607004243992e+00,7.580774598465002123e-01,0.000000000000000000e+00,-1.485406478949345688e-02,6.223695683651204319e-02,0.000000000000000000e+00,4.599021518087761939e-03,6.688699905579853500e-05,0.000000000000000000e+00
-1.273095439531781059e+00,7.705261889537835529e-01,0.000000000000000000e+00,-1.393426048587591282e-02,6.225033423632319457e-02,0.000000000000000000e+00,4.599021518087761939e-03,6.688699905579853500e-05,0.000000000000000000e+00
-1.275790311198594207e+00,7.829775935410294707e-01,0.000000000000000000e+00,-1.301445618225834100e-02,6.226371163613435983e-02,0.000000000000000000e+00,4.599021518087761939e-03,6.688699905579853500e-05,0.000000000000000000e+00
-1.278301222004684323e+00,7.954316736082372996e-01,0.000000000000000000e+00,-1.209465187864076918e-02,6.227708903594551815e-02,0.000000000000000000e+00,4.599021518087761939e-03,6.688699905579853500e-05,0.000000000000000000e+00
-1.280628171950050742e+00,8.078884291554075947e-01,0.000000000000000000e+00,-1.117484757502323900e-02,6.229046643575667647e-02,0.000000000000000000e+00,4.599021518087761939e-03,6.688699905579853500e-05,0.000000000000000000e+00
-1.282771161034693463e+00,8.203478601825400229e-01,0.000000000000000000e+00,-1.025504327140570882e-02,6.230384383556784172e-02,0.000000000000000000e+00,4.599021518087761939e-03,6.688699905579853500e-05,0.000000000000000000e+00
-1.284730189258613153e+00,8.328099666896348063e-01,0.000000000000000000e+00,-9.335238967788136999e-03,6.231722123537899310e-02,0.000000000000000000e+00,4.599021518087761939e-03,6.688699905579853500e-05,0.000000000000000000e+00
-1.286505256621808702e+00,8.452747486766916118e-01,0.000000000000000000e+00,-8.415434664170606816e-03,6.233059863519015836e-02,0.000000000000000000e+00,4.599021518087761939e-03,6.688699905579853500e-05,0.000000000000000000e+00
-1.288096363124281218e+00,8.577422061437107725e-01,0.000000000000000000e+00,-7.495630360553062754e-03,6.234397603500132362e-02,0.000000000000000000e+00,4.599021518087761939e-03,6.688699905579853500e-05,0.000000000000000000e+00
-1.289503508766030260e+00,8.702123390906922884e-01,0.000000000000000000e+00,-6.575826056935504815e-03,6.235735343481248194e-02,0.000000000000000000e+00,4.599021518087761939e-03,6.688699905579853500e-05,0.000000000000000000e+00
-1.290726693547055381e+00,8.826851475176357154e-01,0.000000000000000000e+00,-5.656021753317946876e-03,6.237073083462363332e-02,0.000000000000000000e+00,4.599021518087761939e-03,6.688699905579853500e-05,0.000000000000000000e+00
-1.291765917467357028e+00,8.951606314245414975e-01,0.000000000000000000e+00,-4.736217449700430571e-03,6.238410823443479858e-02,0.000000000000000000e+00,4.599021518087761939e-03,6.688699905579853500e-05,0.000000000000000000e+00
-1.292621180526935643e+00,9.076387908114096348e-01,0.000000000000000000e+00,-3.816413146082830998e-03,6.239748563424596384e-02,0.000000000000000000e+00,4.599021518087761939e-03,6.688699905579853500e-05,0.000000000000000000e+00
-1.293292482725790338e+00,9.201196256782400162e-01,0.000000000000000000e+00,-2.896608842465286937e-03,6.241086303405712910e-02,0.000000000000000000e+00,4.599021518087761939e-03,6.688699905579853500e-05,0.000000000000000000e+00
-1.293779824063921779e+00,9.326031360250325308e-01,0.000000000000000000e+00,-1.976804538847742876e-03,6.242424043386826660e-02,0.000000000000000000e+00,4.599021518087761939e-03,6.688699905579853500e-05,0.000000000000000000e+00
-1.294083204541329524e+00,9.450893218517872896e-01,0.000000000000000000e+00,-1.057000235230226570e-03,6.243761783367944573e-02,0.000000000000000000e+00,4.599021518087761939e-03,6.688699905579853500e-05,0.000000000000000000e+00
-1.294202624158013792e+00,9.575781831585044035e-01,0.000000000000000000e+00,-1.371959316126269979e-04,6.245099523349058324e-02,0.000000000000000000e+00,4.599021518087761939e-03,6.688699905579853500e-05,0.000000000000000000e+00
-1.294138082913974586e+00,9.700697199451835395e-01,0.000000000000000000e+00,7.826083720048893078e-04,6.246437263330174849e-02,0.000000000000000000e+00,4.599021518087761939e-03,6.688699905579853500e-05,0.000000000000000000e+00
-1.293889580809211903e+00,9.825639322118249197e-01,0.000000000000000000e+00,1.702412675622433369e-03,6.247775003311289987e-02,0.000000000000000000e+00,4.599021518087761939e-03,6.688699905579853500e-05,0.000000000000000000e+00
-1.293457117843725523e+00,9.950608199584286551e-01,0.000000000000000000e+00,2.622216979239977430e-03,6.249112743292406513e-02,0.000000000000000000e+00,4.599021518087761939e-03,6.688699905579853500e-05,0.000000000000000000e+00
-1.292840694017515890e+00,1.007560383184994635e+00,0.000000000000000000e+00,3.542021282857521491e-03,6.250450483273525815e-02,0.000000000000000000e+00,4.599021518087761939e-03,6.688699905579853500e-05,0.000000000000000000e+00
-1.292040309330582559e+00,1.020062621891522747e+00,0.000000000000000000e+00,4.461825586475093308e-03,6.251788223254639565e-02,0.000000000000000000e+00,7.389264743905894772e-03,-2.955782040647378373e-03,0.000000000000000000e+00
-1.291000158918409246e+00,1.032507082697219136e+00,0.000000000000000000e+00,5.939678535256316151e-03,6.192672582441690471e-02,0.000000000000000000e+00,7.389264743905894772e-03,-2.955782040647378373e-03,0.000000000000000000e+00
-1.289664437916479889e+00,1.044833312221289390e+00,0.000000000000000000e+00,7.417531484037455727e-03,6.133556941628744152e-02,0.000000000000000000e+00,7.389264743905894772e-03,-2.955782040647378373e-03,0.000000000000000000e+00
-1.288033146324794487e+00,1.057041310463733952e+00,0.000000000000000000e+00,8.895384432818620457e-03,6.074441300815798528e-02,0.000000000000000000e+00,7.389264743905894772e-03,-2.955782040647378373e-03,0.000000000000000000e+00
-1.286106284143352596e+00,1.069131077424552823e+00,0.000000000000000000e+00,1.037323738159984937e-02,6.015325660002847352e-02,0.000000000000000000e+00,7.389264743905894772e-03,-2.955782040647378373e-03,0.000000000000000000e+00
-1.283883851372154439e+00,1.081102613103745780e+00,0.000000000000000000e+00,1.185109033038101584e-02,5.956210019189901034e-02,0.000000000000000000e+00,7.389264743905894772e-03,-2.955782040647378373e-03,0.000000000000000000e+00
-1.281365848011200237e+00,1.092955917501312380e+00,0.000000000000000000e+00,1.332894327916218924e-02,5.897094378376952634e-02,0.000000000000000000e+00,7.389264743905894772e-03,-2.955782040647378373e-03,0.000000000000000000e+00
-1.278552274060489768e+00,1.104690990617253288e+00,0.000000000000000000e+00,1.480679622794335570e-02,5.837978737564006315e-02,0.000000000000000000e+00,7.389264743905894772e-03,-2.955782040647378373e-03,0.000000000000000000e+00
-1.275443129520022811e+00,1.116307832451568505e+00,0.000000000000000000e+00,1.628464917672455686e-02,5.778863096751057915e-02,0.000000000000000000e+00,7.389264743905894772e-03,-2.955782040647378373e-03,0.000000000000000000e+00
-1.272038414389800032e+00,1.127806443004257364e+00,0.000000000000000000e+00,1.776250212550570945e-02,5.719747455938112290e-02,0.000000000000000000e+00,7.389264743905894772e-03,-2.955782040647378373e-03,0.000000000000000000e+00
-1.268338128669820541e+00,1.139186822275320532e+00,0.000000000000000000e+00,1.924035507428688285e-02,5.660631815125163890e-02,0.000000000000000000e+00,7.389264743905894772e-03,-2.955782040647378373e-03,0.000000000000000000e+00
-1.264342272360085007e+00,1.150448970264758231e+00,0.000000000000000000e+00,2.071820802306810483e-02,5.601516174312216184e-02,0.000000000000000000e+00,7.389264743905894772e-03,-2.955782040647378373e-03,0.000000000000000000e+00
-1.260050845460593205e+00,1.161592886972569794e+00,0.000000000000000000e+00,2.219606097184928517e-02,5.542400533499265702e-02,0.000000000000000000e+00,7.389264743905894772e-03,-2.955782040647378373e-03,0.000000000000000000e+00
-1.255463847971345359e+00,1.172618572398755443e+00,0.000000000000000000e+00,2.367391392063046551e-02,5.483284892686320078e-02,0.000000000000000000e+00,7.389264743905894772e-03,-2.955782040647378373e-03,0.000000000000000000e+00
-1.250581279892341025e+00,1.183526026543314957e+00,0.000000000000000000e+00,2.515176686941163198e-02,5.424169251873371678e-02,0.000000000000000000e+00,7.389264743905894772e-03,-2.955782040647378373e-03,0.000000000000000000e+00
-1.245403141223580867e+00,1.194315249406248780e+00,0.000000000000000000e+00,2.662961981819279844e-02,5.365053611060424665e-02,0.000000000000000000e+00,7.389264743905894772e-03,-2.955782040647378373e-03,0.000000000000000000e+00
-1.239929431965064222e+00,1.204986240987556689e+00,0.000000000000000000e+00,2.810747276697396491e-02,5.305937970247479041e-02,0.000000000000000000e+00,7.389264743905894772e-03,-2.955782040647378373e-03,0.000000000000000000e+00
-1.234160152116791309e+00,1.215539001287238685e+00,0.000000000000000000e+00,2.958532571575515913e-02,5.246822329434530641e-02,0.000000000000000000e+00,7.389264743905894772e-03,-2.955782040647378373e-03,0.000000000000000000e+00
-1.228095301678761908e+00,1.225973530305294990e+00,0.000000000000000000e+00,3.106317866453636722e-02,5.187706688621582241e-02,0.000000000000000000e+00,7.389264743905894772e-03,-2.955782040647378373e-03,0.000000000000000000e+00
-1.221734880650976462e+00,1.236289828041725158e+00,0.000000000000000000e+00,3.254103161331756144e-02,5.128591047808633840e-02,0.000000000000000000e+00,7.389264743905894772e-03,-2.955782040647378373e-03,0.000000000000000000e+00
-1.215078889033434972e+00,1.246487894496529414e+00,0.000000000000000000e+00,3.401888456209870015e-02,5.069475406995688216e-02,0.000000000000000000e+00,7.389264743905894772e-03,-2.955782040647378373e-03,0.000000000000000000e+00
-1.208127326826137216e+00,1.256567729669707756e+00,0.000000000000000000e+00,3.549673751087989437e-02,5.010359766182739816e-02,0.000000000000000000e+00,7.389264743905894772e-03,-2.955782040647378373e-03,0.000000000000000000e+00
-1.200880194029082970e+00,1.266529333561260184e+00,0.000000000000000000e+00,3.697459045966106084e-02,4.951244125369791416e-02,0.000000000000000000e+00,7.389264743905894772e-03,-2.955782040647378373e-03,0.000000000000000000e+00
-1.193337490642272680e+00,1.276372706171186699e+00,0.000000000000000000e+00,3.845244340844222730e-02,4.892128484556843016e-02,0.000000000000000000e+00,7.389264743905894772e-03,-2.955782040647378373e-03,0.000000000000000000e+00
-1.185499216665706124e+00,1.286097847499487523e+00,0.000000000000000000e+00,3.993029635722342152e-02,4.833012843743900167e-02,0.000000000000000000e+00,7.389264743905894772e-03,-2.955782040647378373e-03,0.000000000000000000e+00
-1.177365372099383301e+00,1.295704757546162433e+00,0.000000000000000000e+00,4.140814930600461574e-02,4.773897202930948991e-02,0.000000000000000000e+00,7.389264743905894772e-03,-2.955782040647378373e-03,0.000000000000000000e+00
-1.168935956943304211e+00,1.305193436311211652e+00,0.000000000000000000e+00,4.288600225478578221e-02,4.714781562118000591e-02,0.000000000000000000e+00,7.389264743905894772e-03,-2.955782040647378373e-03,0.000000000000000000e+00
-1.160210971197468854e+00,1.314563883794634513e+00,0.000000000000000000e+00,4.436385520356694867e-02,4.655665921305057742e-02,0.000000000000000000e+00,7.389264743905894772e-03,-2.955782040647378373e-03,0.000000000000000000e+00
-1.151190414861877453e+00,1.323816099996431683e+00,0.000000000000000000e+00,4.584170815234817065e-02,4.596550280492103790e-02,0.000000000000000000e+00,8.665019621173317144e-03,-3.125471196145354624e-03,0.000000000000000000e+00
-1.141848772838984560e+00,1.332946691133492845e+00,0.000000000000000000e+00,4.757471207658284240e-02,4.534040856569197808e-02,0.000000000000000000e+00,8.665019621173317144e-03,-3.125471196145354624e-03,0.000000000000000000e+00
-1.132160530031244505e+00,1.341952263422708347e+00,0.000000000000000000e+00,4.930771600081745865e-02,4.471531432646291132e-02,0.000000000000000000e+00,8.665019621173317144e-03,-3.125471196145354624e-03,0.000000000000000000e+00
-1.122125686438657510e+00,1.350832816864077968e+00,0.000000000000000000e+00,5.104071992505210265e-02,4.409022008723387231e-02,0.000000000000000000e+00,8.665019621173317144e-03,-3.125471196145354624e-03,0.000000000000000000e+00
-1.111744242061223353e+00,1.359588351457602151e+00,0.000000000000000000e+00,5.277372384928683685e-02,4.346512584800476392e-02,0.000000000000000000e+00,8.665019621173317144e-03,-3.125471196145354624e-03,0.000000000000000000e+00
-1.101016196898942701e+00,1.368218867203280231e+00,0.000000000000000000e+00,5.450672777352146697e-02,4.284003160877573185e-02,0.000000000000000000e+00,8.665019621173317144e-03,-3.125471196145354624e-03,0.000000000000000000e+00
-1.089941550951814886e+00,1.376724364101112430e+00,0.000000000000000000e+00,5.623973169775614567e-02,4.221493736954663040e-02,0.000000000000000000e+00,8.665019621173317144e-03,-3.125471196145354624e-03,0.000000000000000000e+00
-1.078520304219840353e+00,1.385104842151098525e+00,0.000000000000000000e+00,5.797273562199077579e-02,4.158984313031756364e-02,0.000000000000000000e+00,8.665019621173317144e-03,-3.125471196145354624e-03,0.000000000000000000e+00
-1.066752456703018659e+00,1.393360301353239183e+00,0.000000000000000000e+00,5.970573954622544754e-02,4.096474889108848993e-02,0.000000000000000000e+00,8.665019621173317144e-03,-3.125471196145354624e-03,0.000000000000000000e+00
-1.054638008401350024e+00,1.401490741707534182e+00,0.000000000000000000e+00,6.143874347046010542e-02,4.033965465185945787e-02,0.000000000000000000e+00,8.665019621173317144e-03,-3.125471196145354624e-03,0.000000000000000000e+00
-1.042176959314834672e+00,1.409496163213983078e+00,0.000000000000000000e+00,6.317174739469474942e-02,3.971456041263037029e-02,0.000000000000000000e+00,8.665019621173317144e-03,-3.125471196145354624e-03,0.000000000000000000e+00
-1.029369309443471936e+00,1.417376565872586314e+00,0.000000000000000000e+00,6.490475131892946281e-02,3.908946617340131047e-02,0.000000000000000000e+00,8.665019621173317144e-03,-3.125471196145354624e-03,0.000000000000000000e+00
-1.016215058787262704e+00,1.425131949683343890e+00,0.000000000000000000e+00,6.663775524316412069e-02,3.846437193417220901e-02,0.000000000000000000e+00,8.665019621173317144e-03,-3.125471196145354624e-03,0.000000000000000000e+00
-1.002714207346206532e+00,1.432762314646255364e+00,0.000000000000000000e+00,6.837075916739876469e-02,3.783927769494314919e-02,0.000000000000000000e+00,8.665019621173317144e-03,-3.125471196145354624e-03,0.000000000000000000e+00
-9.888667551203031980e-01,1.440267660761320956e+00,0.000000000000000000e+00,7.010376309163343644e-02,3.721418345571407549e-02,0.000000000000000000e+00,8.665019621173317144e-03,-3.125471196145354624e-03,0.000000000000000000e+00
-9.746727021095531462e-01,1.447647988028540889e+00,0.000000000000000000e+00,7.183676701586808044e-02,3.658908921648502954e-02,0.000000000000000000e+00,8.665019621173317144e-03,-3.125471196145354624e-03,0.000000000000000000e+00
-9.601320483139561546e-01,1.454903296447914940e+00,0.000000000000000000e+00,7.356977094010272444e-02,3.596399497725594196e-02,0.000000000000000000e+00,8.665019621173317144e-03,-3.125471196145354624e-03,0.000000000000000000e+00
-9.452447937335122230e-01,1.462033586019443110e+00,0.000000000000000000e+00,7.530277486433739620e-02,3.533890073802689602e-02,0.000000000000000000e+00,8.665019621173317144e-03,-3.125471196145354624e-03,0.000000000000000000e+00
-9.300109383682207964e-01,1.469038856743125843e+00,0.000000000000000000e+00,7.703577878857209571e-02,3.471380649879779456e-02,0.000000000000000000e+00,8.665019621173317144e-03,-3.125471196145354624e-03,0.000000000000000000e+00
-9.144304822180829850e-01,1.475919108618962472e+00,0.000000000000000000e+00,7.876878271280676747e-02,3.408871225956874862e-02,0.000000000000000000e+00,8.665019621173317144e-03,-3.125471196145354624e-03,0.000000000000000000e+00
-8.985034252830982338e-01,1.482674341646953220e+00,0.000000000000000000e+00,8.050178663704138371e-02,3.346361802033967492e-02,0.000000000000000000e+00,8.665019621173317144e-03,-3.125471196145354624e-03,0.000000000000000000e+00
-8.822297675632666536e-01,1.489304555827098087e+00,0.000000000000000000e+00,8.223479056127606934e-02,3.283852378111060122e-02,0.000000000000000000e+00,8.665019621173317144e-03,-3.125471196145354624e-03,0.000000000000000000e+00
-8.656095090585880225e-01,1.495809751159397294e+00,0.000000000000000000e+00,8.396779448551072722e-02,3.221342954188155527e-02,0.000000000000000000e+00,8.665019621173317144e-03,-3.125471196145354624e-03,0.000000000000000000e+00
-8.486426497690624515e-01,1.502189927643850620e+00,0.000000000000000000e+00,8.570079840974541285e-02,3.158833530265245382e-02,0.000000000000000000e+00,8.665019621173317144e-03,-3.125471196145354624e-03,0.000000000000000000e+00
-8.313291896946899406e-01,1.508445085280458287e+00,0.000000000000000000e+00,8.743380233398001522e-02,3.096324106342343563e-02,0.000000000000000000e+00,8.665019621173317144e-03,-3.125471196145354624e-03,0.000000000000000000e+00
-8.136691288354700458e-01,1.514575224069220294e+00,0.000000000000000000e+00,8.916680625821475636e-02,3.033814682419430642e-02,0.000000000000000000e+00,8.665019621173317144e-03,-3.125471196145354624e-03,0.000000000000000000e+00
-7.956624671914037661e-01,1.520580344010136198e+00,0.000000000000000000e+00,9.089981018244937261e-02,2.971305258496526047e-02,0.000000000000000000e+00,8.665019621173317144e-03,-3.125471196145354624e-03,0.000000000000000000e+00
-7.773092047624904355e-01,1.526460445103206220e+00,0.000000000000000000e+00,9.263281410668401661e-02,2.908795834573624228e-02,0.000000000000000000e+00,8.665019621173317144e-03,-3.125471196145354624e-03,0.000000000000000000e+00
-7.586093415487302760e-01,1.532215527348430584e+00,0.000000000000000000e+00,9.436581803091868836e-02,2.846286410650711307e-02,0.000000000000000000e+00,2.675307747737081052e-03,-5.231249243564384255e-03,0.000000000000000000e+00
-7.396826717875919499e-01,1.537803475184860824e+00,0.000000000000000000e+00,9.490087958046612704e-02,2.741661425779420846e-02,0.000000000000000000e+00,2.675307747737081052e-03,-5.231249243564384255e-03,0.000000000000000000e+00
-7.206489897165440084e-01,1.543182173051548256e+00,0.000000000000000000e+00,9.543594113001352408e-02,2.637036440908136284e-02,0.000000000000000000e+00,2.675307747737081052e-03,-5.231249243564384255e-03,0.000000000000000000e+00
-7.015082953355866735e-01,1.548351620948493101e+00,0.000000000000000000e+00,9.597100267956094888e-02,2.532411456036851721e-02,0.000000000000000000e+00,2.675307747737081052e-03,-5.231249243564384255e-03,0.000000000000000000e+00
-6.822605886447192791e-01,1.553311818875695582e+00,0.000000000000000000e+00,9.650606422910837368e-02,2.427786471165556403e-02,0.000000000000000000e+00,2.675307747737081052e-03,-5.231249243564384255e-03,0.000000000000000000e+00
-6.629058696439429355e-01,1.558062766833155699e+00,0.000000000000000000e+00,9.704112577865579847e-02,2.323161486294274963e-02,0.000000000000000000e+00,2.675307747737081052e-03,-5.231249243564384255e-03,0.000000000000000000e+00
-6.434441383332570874e-01,1.562604464820872785e+00,0.000000000000000000e+00,9.757618732820320939e-02,2.218536501422983809e-02,0.000000000000000000e+00,2.675307747737081052e-03,-5.231249243564384255e-03,0.000000000000000000e+00
-6.238753947126616239e-01,1.566936912838847507e+00,0.000000000000000000e+00,9.811124887775062031e-02,2.113911516551696124e-02,0.000000000000000000e+00,2.675307747737081052e-03,-5.231249243564384255e-03,0.000000000000000000e+00
-6.041996387821569892e-01,1.571060110887079420e+00,0.000000000000000000e+00,9.864631042729804511e-02,2.009286531680408439e-02,0.000000000000000000e+00,2.675307747737081052e-03,-5.231249243564384255e-03,0.000000000000000000e+00
-5.844168705417426279e-01,1.574974058965569190e+00,0.000000000000000000e+00,9.918137197684544215e-02,1.904661546809123529e-02,0.000000000000000000e+00,2.675307747737081052e-03,-5.231249243564384255e-03,0.000000000000000000e+00
-5.645270899914188734e-01,1.578678757074315930e+00,0.000000000000000000e+00,9.971643352639285307e-02,1.800036561937834456e-02,0.000000000000000000e+00,2.675307747737081052e-03,-5.231249243564384255e-03,0.000000000000000000e+00
-5.445302971311851703e-01,1.582174205213320306e+00,0.000000000000000000e+00,1.002514950759402917e-01,1.695411577066545383e-02,0.000000000000000000e+00,2.675307747737081052e-03,-5.231249243564384255e-03,0.000000000000000000e+00
-5.244264919610425180e-01,1.585460403382582317e+00,0.000000000000000000e+00,1.007865566254877027e-01,1.590786592195257698e-02,0.000000000000000000e+00,2.675307747737081052e-03,-5.231249243564384255e-03,0.000000000000000000e+00
-5.042156744809903612e-01,1.588537351582101520e+00,0.000000000000000000e+00,1.013216181750350997e-01,1.486161607323971401e-02,0.000000000000000000e+00,2.675307747737081052e-03,-5.231249243564384255e-03,0.000000000000000000e+00
-4.838978446910285891e-01,1.591405049811878136e+00,0.000000000000000000e+00,1.018566797245825245e-01,1.381536622452683716e-02,0.000000000000000000e+00,2.675307747737081052e-03,-5.231249243564384255e-03,0.000000000000000000e+00
-4.634730025911574236e-01,1.594063498071912388e+00,0.000000000000000000e+00,1.023917412741299354e-01,1.276911637581396031e-02,0.000000000000000000e+00,2.675307747737081052e-03,-5.231249243564384255e-03,0.000000000000000000e+00
-4.429411481813767537e-01,1.596512696362203831e+00,0.000000000000000000e+00,1.029268028236773463e-01,1.172286652710111121e-02,0.000000000000000000e+00,2.675307747737081052e-03,-5.231249243564384255e-03,0.000000000000000000e+00
-4.223022814616865794e-01,1.598752644682752688e+00,0.000000000000000000e+00,1.034618643732247711e-01,1.067661667838820660e-02,0.000000000000000000e+00,2.675307747737081052e-03,-5.231249243564384255e-03,0.000000000000000000e+00
-4.015564024320864567e-01,1.600783343033558959e+00,0.000000000000000000e+00,1.039969259227721959e-01,9.630366829675301998e-03,0.000000000000000000e+00,2.675307747737081052e-03,-5.231249243564384255e-03,0.000000000000000000e+00
-3.807035110925773291e-01,1.602604791414622865e+00,0.000000000000000000e+00,1.045319874723196069e-01,8.584116980962425147e-03,0.000000000000000000e+00,2.675307747737081052e-03,-5.231249243564384255e-03,0.000000000000000000e+00
-3.597436074431587527e-01,1.604216989825943962e+00,0.000000000000000000e+00,1.050670490218670317e-01,7.537867132249576052e-03,0.000000000000000000e+00,2.675307747737081052e-03,-5.231249243564384255e-03,0.000000000000000000e+00
-3.386766914838306719e-01,1.605619938267522695e+00,0.000000000000000000e+00,1.056021105714144426e-01,6.491617283536671446e-03,0.000000000000000000e+00,2.675307747737081052e-03,-5.231249243564384255e-03,0.000000000000000000e+00
-3.175027632145931977e-01,1.606813636739358619e+00,0.000000000000000000e+00,1.061371721209618535e-01,5.445367434823822350e-03,0.000000000000000000e+00,2.675307747737081052e-03,-5.231249243564384255e-03,0.000000000000000000e+00
-2.962218226354461081e-01,1.607798085241452402e+00,0.000000000000000000e+00,1.066722336705092644e-01,4.399117586110945499e-03,0.000000000000000000e+00,2.675307747737081052e-03,-5.231249243564384255e-03,0.000000000000000000e+00
-2.748338697463896252e-01,1.608573283773802931e+00,0.000000000000000000e+00,1.072072952200566892e-01,3.352867737398124159e-03,0.000000000000000000e+00,2.675307747737081052e-03,-5.231249243564384255e-03,0.000000000000000000e+00
-2.533389045474230272e-01,1.609139232336411318e+00,0.000000000000000000e+00,1.077423567696041140e-01,2.306617888685136286e-03,0.000000000000000000e+00,2.675307747737081052e-03,-5.231249243564384255e-03,0.000000000000000000e+00
-2.317369270385476188e-01,1.609495930929277119e+00,0.000000000000000000e+00,1.082774183191515249e-01,1.260368039972314946e-03,0.000000000000000000e+00,2.675307747737081052e-03,-5.231249243564384255e-03,0.000000000000000000e+00
-2.100279372197626226e-01,1.609643379552400333e+00,0.000000000000000000e+00,1.088124798686989358e-01,2.141181912594380954e-04,0.000000000000000000e+00,2.675307747737081052e-03,-5.231249243564384255e-03,0.000000000000000000e+00
-1.882119350910681499e-01,1.609581578205780961e+00,0.000000000000000000e+00,1.093475414182463468e-01,-8.321316574534387556e-04,0.000000000000000000e+00,-4.612541350494502729e-03,-4.891640792179428876e-03,0.000000000000000000e+00
-1.664346776344288736e-01,1.609317319058446660e+00,0.000000000000000000e+00,1.084250331481474566e-01,-1.810459815889382471e-03,0.000000000000000000e+00,-4.612541350494502729e-03,-4.891640792179428876e-03,0.000000000000000000e+00
-1.448419218318093282e-01,1.608857394279425090e+00,0.000000000000000000e+00,1.075025248780485526e-01,-2.788787974325215163e-03,0.000000000000000000e+00,-4.612541350494502729e-03,-4.891640792179428876e-03,0.000000000000000000e+00
-1.234336676832095969e-01,1.608201803868716473e+00,0.000000000000000000e+00,1.065800166079496625e-01,-3.767116132761073877e-03,0.000000000000000000e+00,-4.612541350494502729e-03,-4.891640792179428876e-03,0.000000000000000000e+00
-1.022099151886290830e-01,1.607350547826320586e+00,0.000000000000000000e+00,1.056575083378507446e-01,-4.745444291197040143e-03,0.000000000000000000e+00,-4.612541350494502729e-03,-4.891640792179428876e-03,0.000000000000000000e+00
-8.117066434806889663e-02,1.606303626152237873e+00,0.000000000000000000e+00,1.047350000677518406e-01,-5.723772449632874570e-03,0.000000000000000000e+00,-4.612541350494502729e-03,-4.891640792179428876e-03,0.000000000000000000e+00
-6.031591516152848970e-02,1.605061038846467669e+00,0.000000000000000000e+00,1.038124917976529504e-01,-6.702100608068771448e-03,0.000000000000000000e+00,-4.612541350494502729e-03,-4.891640792179428876e-03,0.000000000000000000e+00
-3.964566762900789687e-02,1.603622785909010195e+00,0.000000000000000000e+00,1.028899835275540464e-01,-7.680428766504654448e-03,0.000000000000000000e+00,-4.612541350494502729e-03,-4.891640792179428876e-03,0.000000000000000000e+00
-1.915992175050702448e-02,1.601988867339865896e+00,0.000000000000000000e+00,1.019674752574551424e-01,-8.658756924940544386e-03,0.000000000000000000e+00,-4.612541350494502729e-03,-4.891640792179428876e-03,0.000000000000000000e+00
1.141322473974033802e-03,1.600159283139033883e+00,0.000000000000000000e+00,1.010449669873562661e-01,-9.637085083376420447e-03,0.000000000000000000e+00,-4.612541350494502729e-03,-4.891640792179428876e-03,0.000000000000000000e+00
2.125806504443531614e-02,1.598134033306515267e+00,0.000000000000000000e+00,1.001224587172573621e-01,-1.061541324181229651e-02,0.000000000000000000e+00,-4.612541350494502729e-03,-4.891640792179428876e-03,0.000000000000000000e+00
4.119030596087730478e-02,1.595913117842308937e+00,0.000000000000000000e+00,9.919995044715843036e-02,-1.159374140024820032e-02,0.000000000000000000e+00,-4.612541350494502729e-03,-4.891640792179428876e-03,0.000000000000000000e+00
6.093804522329904910e-02,1.593496536746415781e+00,0.000000000000000000e+00,9.827744217705952634e-02,-1.257206955868410414e-02,0.000000000000000000e+00,-4.612541350494502729e-03,-4.891640792179428876e-03,0.000000000000000000e+00
8.050128283170099319e-02,1.590884290018835578e+00,0.000000000000000000e+00,9.735493390696063620e-02,-1.355039771711998020e-02,0.000000000000000000e+00,-4.612541350494502729e-03,-4.891640792179428876e-03,0.000000000000000000e+00
9.988001878608315787e-02,1.588076377659567884e+00,0.000000000000000000e+00,9.643242563686174607e-02,-1.452872587555584238e-02,0.000000000000000000e+00,-4.612541350494502729e-03,-4.891640792179428876e-03,0.000000000000000000e+00
1.190742530864455501e-01,1.585072799668613142e+00,0.000000000000000000e+00,9.550991736676284205e-02,-1.550705403399171844e-02,0.000000000000000000e+00,-4.612541350494502729e-03,-4.891640792179428876e-03,0.000000000000000000e+00
1.380839857327881559e-01,1.581873556045971352e+00,0.000000000000000000e+00,9.458740909666393804e-02,-1.648538219242762226e-02,0.000000000000000000e+00,-4.612541350494502729e-03,-4.891640792179428876e-03,0.000000000000000000e+00
1.569092167251109893e-01,1.578478646791642070e+00,0.000000000000000000e+00,9.366490082656504790e-02,-1.746371035086352608e-02,0.000000000000000000e+00,-4.612541350494502729e-03,-4.891640792179428876e-03,0.000000000000000000e+00
1.755499460634145081e-01,1.574888071905625742e+00,0.000000000000000000e+00,9.274239255646613000e-02,-1.844203850929942989e-02,0.000000000000000000e+00,-4.612541350494502729e-03,-4.891640792179428876e-03,0.000000000000000000e+00
1.940061737476977688e-01,1.571101831387922365e+00,0.000000000000000000e+00,9.181988428636723987e-02,-1.942036666773530595e-02,0.000000000000000000e+00,-4.612541350494502729e-03,-4.891640792179428876e-03,0.000000000000000000e+00
2.122778997779612431e-01,1.567119925238531497e+00,0.000000000000000000e+00,9.089737601626833585e-02,-2.039869482617115426e-02,0.000000000000000000e+00,-4.612541350494502729e-03,-4.891640792179428876e-03,0.000000000000000000e+00
2.303651241542049588e-01,1.562942353457453581e+00,0.000000000000000000e+00,8.997486774616943184e-02,-2.137702298460703032e-02,0.000000000000000000e+00,-4.612541350494502729e-03,-4.891640792179428876e-03,0.000000000000000000e+00
2.482678468764289159e-01,1.558569116044688840e+00,0.000000000000000000e+00,8.905235947607054170e-02,-2.235535114304293414e-02,0.000000000000000000e+00,-4.612541350494502729e-03,-4.891640792179428876e-03,0.000000000000000000e+00
2.659860679446330867e-01,1.554000213000236830e+00,0.000000000000000000e+00,8.812985120597163768e-02,-2.333367930147883795e-02,0.000000000000000000e+00,-4.612541350494502729e-03,-4.891640792179428876e-03,0.000000000000000000e+00
2.835197873588174433e-01,1.549235644324097549e+00,0.000000000000000000e+00,8.720734293587274755e-02,-2.431200745991468626e-02,0.000000000000000000e+00,-4.612541350494502729e-03,-4.891640792179428876e-03,0.000000000000000000e+00
3.008690051189824577e-01,1.544275410016270556e+00,0.000000000000000000e+00,8.628483466577381578e-02,-2.529033561835061783e-02,0.000000000000000000e+00,-4.612541350494502729e-03,-4.891640792179428876e-03,0.000000000000000000e+00
3.180337212251272416e-01,1.539119510076756958e+00,0.000000000000000000e+00,8.536232639567492564e-02,-2.626866377678646614e-02,0.000000000000000000e+00,-4.612541350494502729e-03,-4.891640792179428876e-03,0.000000000000000000e+00
3.350139356772522947e-01,1.533767944505556091e+00,0.000000000000000000e+00,8.443981812557602162e-02,-2.724699193522234220e-02,0.000000000000000000e+00,-4.612541350494502729e-03,-4.891640792179428876e-03,0.000000000000000000e+00
3.518096484753575615e-01,1.528220713302668177e+00,0.000000000000000000e+00,8.351730985547713149e-02,-2.822532009365824601e-02,0.000000000000000000e+00,-1.049093178443645524e-02,-2.361557240212336373e-03,0.000000000000000000e+00
3.683032918107646547e-01,1.522528418139132089e+00,0.000000000000000000e+00,8.141912349858980436e-02,-2.869763154170071329e-02,0.000000000000000000e+00,-1.049093178443645524e-02,-2.361557240212336373e-03,0.000000000000000000e+00
3.843772978747934110e-01,1.516741660685988036e+00,0.000000000000000000e+00,7.932093714170257437e-02,-2.916994298974320138e-02,0.000000000000000000e+00,-1.049093178443645524e-02,-2.361557240212336373e-03,0.000000000000000000e+00
4.000316666674454957e-01,1.510860440943234906e+00,0.000000000000000000e+00,7.722275078481523336e-02,-2.964225443778566865e-02,0.000000000000000000e+00,-1.049093178443645524e-02,-2.361557240212336373e-03,0.000000000000000000e+00
4.152663981887194100e-01,1.504884758910873588e+00,0.000000000000000000e+00,7.512456442792800337e-02,-3.011456588582810470e-02,0.000000000000000000e+00,-1.049093178443645524e-02,-2.361557240212336373e-03,0.000000000000000000e+00
4.300814924386165417e-01,1.498814614588903860e+00,0.000000000000000000e+00,7.302637807104066237e-02,-3.058687733387059626e-02,0.000000000000000000e+00,-1.049093178443645524e-02,-2.361557240212336373e-03,0.000000000000000000e+00
4.444769494171356139e-01,1.492650007977325499e+00,0.000000000000000000e+00,7.092819171415343238e-02,-3.105918878191305660e-02,0.000000000000000000e+00,-1.049093178443645524e-02,-2.361557240212336373e-03,0.000000000000000000e+00
4.584527691242778480e-01,1.486390939076138507e+00,0.000000000000000000e+00,6.883000535726609137e-02,-3.153150022995549612e-02,0.000000000000000000e+00,-1.049093178443645524e-02,-2.361557240212336373e-03,0.000000000000000000e+00
4.720089515600425778e-01,1.480037407885343104e+00,0.000000000000000000e+00,6.673181900037876424e-02,-3.200381167799796339e-02,0.000000000000000000e+00,-1.049093178443645524e-02,-2.361557240212336373e-03,0.000000000000000000e+00
4.851454967244293037e-01,1.473589414404939291e+00,0.000000000000000000e+00,6.463363264349153425e-02,-3.247612312604045148e-02,0.000000000000000000e+00,-1.049093178443645524e-02,-2.361557240212336373e-03,0.000000000000000000e+00
4.978624046174390805e-01,1.467046958634926845e+00,0.000000000000000000e+00,6.253544628660419324e-02,-3.294843457408293264e-02,0.000000000000000000e+00,-1.049093178443645524e-02,-2.361557240212336373e-03,0.000000000000000000e+00
5.101596752390709089e-01,1.460410040575306212e+00,0.000000000000000000e+00,6.043725992971696326e-02,-3.342074602212538603e-02,0.000000000000000000e+00,-1.049093178443645524e-02,-2.361557240212336373e-03,0.000000000000000000e+00
5.220373085893257326e-01,1.453678660226076724e+00,0.000000000000000000e+00,5.833907357282962225e-02,-3.389305747016788106e-02,0.000000000000000000e+00,-1.049093178443645524e-02,-2.361557240212336373e-03,0.000000000000000000e+00
5.334953046682026079e-01,1.446852817587239048e+00,0.000000000000000000e+00,5.624088721594239226e-02,-3.436536891821030670e-02,0.000000000000000000e+00,-1.049093178443645524e-02,-2.361557240212336373e-03,0.000000000000000000e+00
5.445336634757025340e-01,1.439932512658792518e+00,0.000000000000000000e+00,5.414270085905505819e-02,-3.483768036625277398e-02,0.000000000000000000e+00,-1.049093178443645524e-02,-2.361557240212336373e-03,0.000000000000000000e+00
5.551523850118251779e-01,1.432917745440737800e+00,0.000000000000000000e+00,5.204451450216773800e-02,-3.530999181429525513e-02,0.000000000000000000e+00,-1.049093178443645524e-02,-2.361557240212336373e-03,0.000000000000000000e+00
5.653514692765696514e-01,1.425808515933074672e+00,0.000000000000000000e+00,4.994632814528049414e-02,-3.578230326233770853e-02,0.000000000000000000e+00,-1.049093178443645524e-02,-2.361557240212336373e-03,0.000000000000000000e+00
5.751309162699372868e-01,1.418604824135802689e+00,0.000000000000000000e+00,4.784814178839316007e-02,-3.625461471038018968e-02,0.000000000000000000e+00,-1.049093178443645524e-02,-2.361557240212336373e-03,0.000000000000000000e+00
5.844907259919268627e-01,1.411306670048922518e+00,0.000000000000000000e+00,4.574995543150593008e-02,-3.672692615842265695e-02,0.000000000000000000e+00,-1.049093178443645524e-02,-2.361557240212336373e-03,0.000000000000000000e+00
5.934308984425396005e-01,1.403914053672433715e+00,0.000000000000000000e+00,4.365176907461858907e-02,-3.719923760646512423e-02,0.000000000000000000e+00,-1.049093178443645524e-02,-2.361557240212336373e-03,0.000000000000000000e+00
6.019514336217742789e-01,1.396426975006336502e+00,0.000000000000000000e+00,4.155358271773135215e-02,-3.767154905450759150e-02,0.000000000000000000e+00,-1.049093178443645524e-02,-2.361557240212336373e-03,0.000000000000000000e+00
6.100523315296320082e-01,1.388845434050630656e+00,0.000000000000000000e+00,3.945539636084401808e-02,-3.814386050255003102e-02,0.000000000000000000e+00,-1.049093178443645524e-02,-2.361557240212336373e-03,0.000000000000000000e+00
6.177335921661122331e-01,1.381169430805316178e+00,0.000000000000000000e+00,3.735721000395669789e-02,-3.861617195059249830e-02,0.000000000000000000e+00,-1.049093178443645524e-02,-2.361557240212336373e-03,0.000000000000000000e+00
6.249952155312146207e-01,1.373398965270393735e+00,0.000000000000000000e+00,3.525902364706945402e-02,-3.908848339863499333e-02,0.000000000000000000e+00,-1.049093178443645524e-02,-2.361557240212336373e-03,0.000000000000000000e+00
6.318372016249398371e-01,1.365534037445862214e+00,0.000000000000000000e+00,3.316083729018211301e-02,-3.956079484667746060e-02,0.000000000000000000e+00,-1.049093178443645524e-02,-2.361557240212336373e-03,0.000000000000000000e+00
6.382595504472874381e-01,1.357574647331722728e+00,0.000000000000000000e+00,3.106265093329488303e-02,-4.003310629471990012e-02,0.000000000000000000e+00,-1.049093178443645524e-02,-2.361557240212336373e-03,0.000000000000000000e+00
6.442622619982578680e-01,1.349520794927974165e+00,0.000000000000000000e+00,2.896446457640754202e-02,-4.050541774276236739e-02,0.000000000000000000e+00,-1.049093178443645524e-02,-2.361557240212336373e-03,0.000000000000000000e+00
6.498453362778504605e-01,1.341372480234617859e+00,0.000000000000000000e+00,2.686627821952031203e-02,-4.097772919080486242e-02,0.000000000000000000e+00,-1.049093178443645524e-02,-2.361557240212336373e-03,0.000000000000000000e+00
6.550087732860658818e-01,1.333129703251652476e+00,0.000000000000000000e+00,2.476809186263298490e-02,-4.145004063884730194e-02,0.000000000000000000e+00,-1.073017362666400451e-02,-4.767015907313418288e-04,0.000000000000000000e+00
6.597477881860592808e-01,1.324830161092068304e+00,0.000000000000000000e+00,2.262205713730014792e-02,-4.154538095699356059e-02,0.000000000000000000e+00,-1.073017362666400451e-02,-4.767015907313418288e-04,0.000000000000000000e+00
6.640575961409858063e-01,1.316511550868855185e+00,0.000000000000000000e+00,2.047602241196740461e-02,-4.164072127513986088e-02,0.000000000000000000e+00,-1.073017362666400451e-02,-4.767015907313418288e-04,0.000000000000000000e+00
6.679381971508462357e-01,1.308173872582012454e+00,0.000000000000000000e+00,1.832998768663456762e-02,-4.173606159328611953e-02,0.000000000000000000e+00,-1.073017362666400451e-02,-4.767015907313418288e-04,0.000000000000000000e+00
6.713895912156397916e-01,1.299817126231540776e+00,0.000000000000000000e+00,1.618395296130182431e-02,-4.183140191143235737e-02,0.000000000000000000e+00,-1.073017362666400451e-02,-4.767015907313418288e-04,0.000000000000000000e+00
6.744117783353669182e-01,1.291441311817439264e+00,0.000000000000000000e+00,1.403791823596898733e-02,-4.192674222957864377e-02,0.000000000000000000e+00,-1.073017362666400451e-02,-4.767015907313418288e-04,0.000000000000000000e+00
6.770047585100272824e-01,1.283046429339709249e+00,0.000000000000000000e+00,1.189188351063623361e-02,-4.202208254772495100e-02,0.000000000000000000e+00,-1.073017362666400451e-02,-4.767015907313418288e-04,0.000000000000000000e+00
6.791685317396213284e-01,1.274632478798349400e+00,0.000000000000000000e+00,9.745848785303393158e-03,-4.211742286587118883e-02,0.000000000000000000e+00,-1.073017362666400451e-02,-4.767015907313418288e-04,0.000000000000000000e+00
6.809030980241488340e-01,1.266199460193360604e+00,0.000000000000000000e+00,7.599814059970549235e-03,-4.221276318401744748e-02,0.000000000000000000e+00,-1.073017362666400451e-02,-4.767015907313418288e-04,0.000000000000000000e+00
6.822084573636095772e-01,1.257747373524742640e+00,0.000000000000000000e+00,5.453779334637802456e-03,-4.230810350216372695e-02,0.000000000000000000e+00,-1.073017362666400451e-02,-4.767015907313418288e-04,0.000000000000000000e+00
6.830846097580038911e-01,1.249276218792495063e+00,0.000000000000000000e+00,3.307744609304955064e-03,-4.240344382030998560e-02,0.000000000000000000e+00,-1.073017362666400451e-02,-4.767015907313418288e-04,0.000000000000000000e+00
6.835315552073315537e-01,1.240785995996618540e+00,0.000000000000000000e+00,1.161709883972211754e-03,-4.249878413845627201e-02,0.000000000000000000e+00,-1.073017362666400451e-02,-4.767015907313418288e-04,0.000000000000000000e+00
6.835492937115926759e-01,1.232276705137112627e+00,0.000000000000000000e+00,-9.843248413606356384e-04,-4.259412445660254454e-02,0.000000000000000000e+00,-1.073017362666400451e-02,-4.767015907313418288e-04,0.000000000000000000e+00
6.831378252707873688e-01,1.223748346213977545e+00,0.000000000000000000e+00,-3.130359566693372009e-03,-4.268946477474881707e-02,0.000000000000000000e+00,-1.073017362666400451e-02,-4.767015907313418288e-04,0.000000000000000000e+00
6.822971498849154104e-01,1.215200919227213294e+00,0.000000000000000000e+00,-5.276394292026212463e-03,-4.278480509289507572e-02,0.000000000000000000e+00,-1.073017362666400451e-02,-4.767015907313418288e-04,0.000000000000000000e+00
6.810272675539768006e-01,1.206634424176819209e+00,0.000000000000000000e+00,-7.422429017359059855e-03,-4.288014541104136212e-02,0.000000000000000000e+00,-1.073017362666400451e-02,-4.767015907313418288e-04,0.000000000000000000e+00
6.793281782779717615e-01,1.198048861062796844e+00,0.000000000000000000e+00,-9.568463742691789287e-03,-4.297548572918760690e-02,0.000000000000000000e+00,-1.073017362666400451e-02,-4.767015907313418288e-04,0.000000000000000000e+00
6.771998820569000710e-01,1.189444229885144422e+00,0.000000000000000000e+00,-1.171449846802464362e-02,-4.307082604733386555e-02,0.000000000000000000e+00,-1.073017362666400451e-02,-4.767015907313418288e-04,0.000000000000000000e+00
6.746423788907619512e-01,1.180820530643863275e+00,0.000000000000000000e+00,-1.386053319335737999e-02,-4.316616636548015196e-02,0.000000000000000000e+00,-1.073017362666400451e-02,-4.767015907313418288e-04,0.000000000000000000e+00
6.716556687795571801e-01,1.172177763338952294e+00,0.000000000000000000e+00,-1.600656791869022044e-02,-4.326150668362642449e-02,0.000000000000000000e+00,-1.073017362666400451e-02,-4.767015907313418288e-04,0.000000000000000000e+00
6.682397517232858686e-01,1.163515927970412589e+00,0.000000000000000000e+00,-1.815260264402297763e-02,-4.335684700177269701e-02,0.000000000000000000e+00,-1.073017362666400451e-02,-4.767015907313418288e-04,0.000000000000000000e+00
6.643946277219479057e-01,1.154835024538243271e+00,0.000000000000000000e+00,-2.029863736935581808e-02,-4.345218731991898342e-02,0.000000000000000000e+00,-1.073017362666400451e-02,-4.767015907313418288e-04,0.000000000000000000e+00
6.601202967755434026e-01,1.146135053042444785e+00,0.000000000000000000e+00,-2.244467209468865854e-02,-4.354752763806521432e-02,0.000000000000000000e+00,-1.073017362666400451e-02,-4.767015907313418288e-04,0.000000000000000000e+00
6.554167588840725811e-01,1.137416013483017130e+00,0.000000000000000000e+00,-2.459070682002141572e-02,-4.364286795621150072e-02,0.000000000000000000e+00,-1.073017362666400451e-02,-4.767015907313418288e-04,0.000000000000000000e+00
6.502840140475348862e-01,1.128677905859960307e+00,0.000000000000000000e+00,-2.673674154535425618e-02,-4.373820827435778713e-02,0.000000000000000000e+00,-1.073017362666400451e-02,-4.767015907313418288e-04,0.000000000000000000e+00
6.447220622659308731e-01,1.119920730173274315e+00,0.000000000000000000e+00,-2.888277627068699949e-02,-4.383354859250404578e-02,0.000000000000000000e+00,-1.073017362666400451e-02,-4.767015907313418288e-04,0.000000000000000000e+00
6.387309035392600975e-01,1.111144486422958488e+00,0.000000000000000000e+00,-3.102881099601983994e-02,-4.392888891065030443e-02,0.000000000000000000e+00,-1.073017362666400451e-02,-4.767015907313418288e-04,0.000000000000000000e+00
6.323105378675230037e-01,1.102349174609014160e+00,0.000000000000000000e+00,-3.317484572135256937e-02,-4.402422922879659084e-02,0.000000000000000000e+00,-1.073017362666400451e-02,-4.767015907313418288e-04,0.000000000000000000e+00
6.254609652507190365e-01,1.093534794731439996e+00,0.000000000000000000e+00,-3.532088044668540983e-02,-4.411956954694284949e-02,0.000000000000000000e+00,-3.259026450846989886e-03,-1.378919341107148755e-03,0.000000000000000000e+00
6.183316086323649152e-01,1.084683302435229146e+00,0.000000000000000000e+00,-3.597268573685481752e-02,-4.439535341516429728e-02,0.000000000000000000e+00,-3.259026450846989886e-03,-1.378919341107148755e-03,0.000000000000000000e+00
6.110718909559772483e-01,1.075776653365374536e+00,0.000000000000000000e+00,-3.662449102702420439e-02,-4.467113728338570344e-02,0.000000000000000000e+00,-3.259026450846989886e-03,-1.378919341107148755e-03,0.000000000000000000e+00
6.036818122215552584e-01,1.066814847521874832e+00,0.000000000000000000e+00,-3.727629631719361208e-02,-4.494692115160712348e-02,0.000000000000000000e+00,-3.259026450846989886e-03,-1.378919341107148755e-03,0.000000000000000000e+00
5.961613724290998340e-01,1.057797884904731589e+00,0.000000000000000000e+00,-3.792810160736299896e-02,-4.522270501982852964e-02,0.000000000000000000e+00,-3.259026450846989886e-03,-1.378919341107148755e-03,0.000000000000000000e+00
5.885105715786101976e-01,1.048725765513943475e+00,0.000000000000000000e+00,-3.857990689753240665e-02,-4.549848888804997743e-02,0.000000000000000000e+00,-3.259026450846989886e-03,-1.378919341107148755e-03,0.000000000000000000e+00
5.807294096700869046e-01,1.039598489349511601e+00,0.000000000000000000e+00,-3.923171218770179353e-02,-4.577427275627142522e-02,0.000000000000000000e+00,-3.259026450846989886e-03,-1.378919341107148755e-03,0.000000000000000000e+00
5.728178867035293997e-01,1.030416056411435077e+00,0.000000000000000000e+00,-3.988351747787119428e-02,-4.605005662449285220e-02,0.000000000000000000e+00,-3.259026450846989886e-03,-1.378919341107148755e-03,0.000000000000000000e+00
5.647760026789380161e-01,1.021178466699714127e+00,0.000000000000000000e+00,-4.053532276804060891e-02,-4.632584049271427917e-02,0.000000000000000000e+00,-3.259026450846989886e-03,-1.378919341107148755e-03,0.000000000000000000e+00
5.566037575963133088e-01,1.011885720214349416e+00,0.000000000000000000e+00,-4.118712805820999578e-02,-4.660162436093570615e-02,0.000000000000000000e+00,-3.259026450846989886e-03,-1.378919341107148755e-03,0.000000000000000000e+00
5.483011514556541677e-01,1.002537816955340055e+00,0.000000000000000000e+00,-4.183893334837941042e-02,-4.687740822915714700e-02,0.000000000000000000e+00,-3.259026450846989886e-03,-1.378919341107148755e-03,0.000000000000000000e+00
5.398681842569615918e-01,9.931347569226867122e-01,0.000000000000000000e+00,-4.249073863854878341e-02,-4.715319209737857398e-02,0.000000000000000000e+00,-3.259026450846989886e-03,-1.378919341107148755e-03,0.000000000000000000e+00
5.313048560002348042e-01,9.836765401163884981e-01,0.000000000000000000e+00,-4.314254392871820498e-02,-4.742897596559999401e-02,0.000000000000000000e+00,-3.259026450846989886e-03,-1.378919341107148755e-03,0.000000000000000000e+00
5.226111666854743598e-01,9.741631665364467452e-01,0.000000000000000000e+00,-4.379434921888758492e-02,-4.770475983382142793e-02,0.000000000000000000e+00,-3.259026450846989886e-03,-1.378919341107148755e-03,0.000000000000000000e+00
5.137871163126797036e-01,9.645946361828600102e-01,0.000000000000000000e+00,-4.444615450905698567e-02,-4.798054370204286184e-02,0.000000000000000000e+00,-3.259026450846989886e-03,-1.378919341107148755e-03,0.000000000000000000e+00
5.048327048818511686e-01,9.549709490556291813e-01,0.000000000000000000e+00,-4.509795979922639336e-02,-4.825632757026428188e-02,0.000000000000000000e+00,-3.259026450846989886e-03,-1.378919341107148755e-03,0.000000000000000000e+00
4.957479323929892545e-01,9.452921051547543696e-01,0.000000000000000000e+00,-4.574976508939578024e-02,-4.853211143848570885e-02,0.000000000000000000e+00,-3.259026450846989886e-03,-1.378919341107148755e-03,0.000000000000000000e+00
4.865327988460929620e-01,9.355581044802349089e-01,0.000000000000000000e+00,-4.640157037956518793e-02,-4.880789530670714971e-02,0.000000000000000000e+00,-3.259026450846989886e-03,-1.378919341107148755e-03,0.000000000000000000e+00
4.771873042411632349e-01,9.257689470320716874e-01,0.000000000000000000e+00,-4.705337566973456787e-02,-4.908367917492859056e-02,0.000000000000000000e+00,-3.259026450846989886e-03,-1.378919341107148755e-03,0.000000000000000000e+00
4.677114485781991848e-01,9.159246328102634838e-01,0.000000000000000000e+00,-4.770518095990398943e-02,-4.935946304315003141e-02,0.000000000000000000e+00,-3.259026450846989886e-03,-1.378919341107148755e-03,0.000000000000000000e+00
4.581052318572017557e-01,9.060251618148117414e-01,0.000000000000000000e+00,-4.835698625007338325e-02,-4.963524691137144451e-02,0.000000000000000000e+00,-3.259026450846989886e-03,-1.378919341107148755e-03,0.000000000000000000e+00
4.483686540781698926e-01,8.960705340457151280e-01,0.000000000000000000e+00,-4.900879154024277706e-02,-4.991103077959287149e-02,0.000000000000000000e+00,-3.259026450846989886e-03,-1.378919341107148755e-03,0.000000000000000000e+00
4.385017152411042063e-01,8.860607495029740877e-01,0.000000000000000000e+00,-4.966059683041219169e-02,-5.018681464781429846e-02,0.000000000000000000e+00,-3.259026450846989886e-03,-1.378919341107148755e-03,0.000000000000000000e+00
4.285044153460050853e-01,8.759958081865893975e-01,0.000000000000000000e+00,-5.031240212058157857e-02,-5.046259851603575319e-02,0.000000000000000000e+00,-3.259026450846989886e-03,-1.378919341107148755e-03,0.000000000000000000e+00
4.183767543928716970e-01,8.658757100965599474e-01,0.000000000000000000e+00,-5.096420741075097932e-02,-5.073838238425716629e-02,0.000000000000000000e+00,-3.259026450846989886e-03,-1.378919341107148755e-03,0.000000000000000000e+00
4.081187323817048185e-01,8.557004552328866254e-01,0.000000000000000000e+00,-5.161601270092035926e-02,-5.101416625247857939e-02,0.000000000000000000e+00,-3.259026450846989886e-03,-1.378919341107148755e-03,0.000000000000000000e+00
3.977303493125035616e-01,8.454700435955686544e-01,0.000000000000000000e+00,-5.226781799108977389e-02,-5.128995012069999249e-02,0.000000000000000000e+00,-3.259026450846989886e-03,-1.378919341107148755e-03,0.000000000000000000e+00
3.872116051852689811e-01,8.351844751846067005e-01,0.000000000000000000e+00,-5.291962328125915382e-02,-5.156573398892143334e-02,0.000000000000000000e+00,-3.259026450846989886e-03,-1.378919341107148755e-03,0.000000000000000000e+00
3.765624999999999667e-01,8.248437500000000977e-01,0.000000000000000000e+00,-5.357142857142856152e-02,-5.184151785714287419e-02,0.000000000000000000e+00,9.566326530612245110e-03,9.257413903061229021e-03,0.000000000000000000e+00
3.660395408163262809e-01,8.146605947066325459e-01,0.000000000000000000e+00,-5.165816326530606878e-02,-4.999003507653058259e-02,0.000000000000000000e+00,9.566326530612245110e-03,9.257413903061229021e-03,0.000000000000000000e+00
3.558992346938775753e-01,8.048477359693878563e-01,0.000000000000000000e+00,-4.974489795918367319e-02,-4.813855229591838814e-02,0.000000000000000000e+00,9.566326530612245110e-03,9.257413903061229021e-03,0.000000000000000000e+00
3.461415816326529060e-01,7.954051737882652517e-01,0.000000000000000000e+00,-4.783163265306118045e-02,-4.628706951530609653e-02,0.000000000000000000e+00,9.566326530612245110e-03,9.257413903061229021e-03,0.000000000000000000e+00
3.367665816326531614e-01,7.863329081632655093e-01,0.000000000000000000e+00,-4.591836734693878486e-02,-4.443558673469388820e-02,0.000000000000000000e+00,9.566326530612245110e-03,9.257413903061229021e-03,0.000000000000000000e+00
3.277742346938774531e-01,7.776309390943877409e-01,0.000000000000000000e+00,-4.400510204081629906e-02,-4.258410395408163823e-02,0.000000000000000000e+00,9.566326530612245110e-03,9.257413903061229021e-03,0.000000000000000000e+00
3.191645408163266695e-01,7.692992665816328346e-01,0.000000000000000000e+00,-4.209183673469392428e-02,-4.073262117346945765e-02,0.000000000000000000e+00,9.566326530612245110e-03,9.257413903061229021e-03,0.000000000000000000e+00
3.109374999999999778e-01,7.613378906250000133e-01,0.000000000000000000e+00,-4.017857142857142461e-02,-3.888113839285715911e-02,0.000000000000000000e+00,9.566326530612245110e-03,9.257413903061229021e-03,0.000000000000000000e+00
3.030931122448978221e-01,7.537468112244896101e-01,0.000000000000000000e+00,-3.826530612244893187e-02,-3.702965561224484670e-02,0.000000000000000000e+00,9.566326530612245110e-03,9.257413903061229021e-03,0.000000000000000000e+00
2.956313775510204800e-01,7.465260283801020691e-01,0.000000000000000000e+00,-3.635204081632653628e-02,-3.517817283163267306e-02,0.000000000000000000e+00,9.566326530612245110e-03,9.257413903061229021e-03,0.000000000000000000e+00
2.885522959183672853e-01,7.396755420918367241e-01,0.000000000000000000e+00,-3.443877551020405048e-02,-3.332669005102038839e-02,0.000000000000000000e+00,9.566326530612245110e-03,9.257413903061229021e-03,0.000000000000000000e+00
2.818558673469389042e-01,7.331953523596940192e-01,0.000000000000000000e+00,-3.252551020408165489e-02,-3.147520727040820088e-02,0.000000000000000000e+00,9.566326530612245110e-03,9.257413903061229021e-03,0.000000000000000000e+00
2.755420918367346705e-01,7.270854591836733993e-01,0.000000000000000000e+00,-3.061224489795916562e-02,-2.962372448979590928e-02,0.000000000000000000e+00,9.566326530612245110e-03,9.257413903061229021e-03,0.000000000000000000e+00
2.696109693877552504e-01,7.213458625637756416e-01,0.000000000000000000e+00,-2.869897959183677003e-02,-2.777224170918372870e-02,0.000000000000000000e+00,9.566326530612245110e-03,9.257413903061229021e-03,0.000000000000000000e+00
2.640624999999999778e-01,7.159765624999999689e-01,0.000000000000000000e+00,-2.678571428571428076e-02,-2.592075892857143710e-02,0.000000000000000000e+00,9.566326530612245110e-03,9.257413903061229021e-03,0.000000000000000000e+00
2.588966836734692412e-01,7.109775589923469363e-01,0.000000000000000000e+00,-2.487244897959179496e-02,-2.406927614795913162e-02,0.000000000000000000e+00,9.566326530612245110e-03,9.257413903061229021e-03,0.000000000000000000e+00
2.541135204081632626e-01,7.063488520408163218e-01,0.000000000000000000e+00,-2.295918367346939590e-02,-2.221779336734695798e-02,0.000000000000000000e+00,9.566326530612245110e-03,9.257413903061229021e-03,0.000000000000000000e+00
2.497130102040815425e-01,7.020904416454082364e-01,0.000000000000000000e+00,-2.104591836734690663e-02,-2.036631058673467332e-02,0.000000000000000000e+00,9.566326530612245110e-03,9.257413903061229021e-03,0.000000000000000000e+00
2.456951530612245527e-01,6.982023278061225691e-01,0.000000000000000000e+00,-1.913265306122451451e-02,-1.851482780612248580e-02,0.000000000000000000e+00,9.566326530612245110e-03,9.257413903061229021e-03,0.000000000000000000e+00
2.420599489795918213e-01,6.946845105229590978e-01,0.000000000000000000e+00,-1.721938775510202871e-02,-1.666334502551020114e-02,0.000000000000000000e+00,9.566326530612245110e-03,9.257413903061229021e-03,0.000000000000000000e+00
2.388073979591837370e-01,6.915369897959184886e-01,0.000000000000000000e+00,-1.530612244897963312e-02,-1.481186224489801362e-02,0.000000000000000000e+00,9.566326530612245110e-03,9.257413903061229021e-03,0.000000000000000000e+00
2.359374999999999944e-01,6.887597656249999645e-01,0.000000000000000000e+00,-1.339285714285714385e-02,-1.296037946428572896e-02,0.000000000000000000e+00,9.566326530612245110e-03,9.257413903061229021e-03,0.000000000000000000e+00
2.334502551020407601e-01,6.863528380102040805e-01,0.000000000000000000e+00,-1.147959183673464417e-02,-1.110889668367343042e-02,0.000000000000000000e+00,9.566326530612245110e-03,9.257413903061229021e-03,0.000000000000000000e+00
2.313456632653061451e-01,6.843162069515306145e-01,0.000000000000000000e+00,-9.566326530612255519e-03,-9.257413903061242899e-03,0.000000000000000000e+00,9.566326530612245110e-03,9.257413903061229021e-03,0.000000000000000000e+00
2.296237244897958996e-01,6.826498724489795666e-01,0.000000000000000000e+00,-7.653061224489769721e-03,-7.405931122448958237e-03,0.000000000000000000e+00,9.566326530612245110e-03,9.257413903061229021e-03,0.000000000000000000e+00
2.282844387755102178e-01,6.813538345025510479e-01,0.000000000000000000e+00,-5.739795918367374128e-03,-5.554448341836770719e-03,0.000000000000000000e+00,9.566326530612245110e-03,9.257413903061229021e-03,0.000000000000000000e+00
2.273278061224489610e-01,6.804280931122448361e-01,0.000000000000000000e+00,-3.826530612244888330e-03,-3.702965561224472180e-03,0.000000000000000000e+00,9.566326530612245110e-03,9.257413903061229021e-03,0.000000000000000000e+00
2.267538265306122680e-01,6.798726482780612645e-01,0.000000000000000000e+00,-1.913265306122492737e-03,-1.851482780612298540e-03,0.000000000000000000e+00,9.566326530612245110e-03,9.257413903061229021e-03,0.000000000000000000e+00
2.265625000000000000e-01,6.796875000000000000e-01,0.000000000000000000e+00,0.000000000000000000e+00,0.000000000000000000e+00,0.000000000000000000e+00,0.000000000000000000e+00,0.000000000000000000e+00,0.000000000000000000e+00
