4.531250000000000000e-01,9.062500000000000000e-01,1.800000000000000000e+02,0.000000000000000000e+00,0.000000000000000000e+00,0.000000000000000000e+00,8.922628951038444334e-03,-1.415641301399775398e-03,0.000000000000000000e+00
4.533034525790207714e-01,9.062216871739720014e-01,1.800000000000000000e+02,1.784525790207682622e-03,-2.831282602799665288e-04,0.000000000000000000e+00,8.922628951038444334e-03,-1.415641301399775398e-03,0.000000000000000000e+00
4.538388103160830300e-01,9.061367486958880058e-01,1.800000000000000000e+02,3.569051580415379121e-03,-5.662565205599053020e-04,0.000000000000000000e+00,8.922628951038444334e-03,-1.415641301399775398e-03,0.000000000000000000e+00
4.547310732111869980e-01,9.059951845657481240e-01,1.800000000000000000e+02,5.353577370623061743e-03,-8.493847808398735655e-04,0.000000000000000000e+00,8.922628951038444334e-03,-1.415641301399775398e-03,0.000000000000000000e+00
4.559802412643322311e-01,9.057969947835520230e-01,1.800000000000000000e+02,7.138103160830758243e-03,-1.132513041119810604e-03,0.000000000000000000e+00,8.922628951038444334e-03,-1.415641301399775398e-03,0.000000000000000000e+00
4.575863144755191736e-01,9.055421793493000360e-01,1.800000000000000000e+02,8.922628951038437395e-03,-1.415641301399789276e-03,0.000000000000000000e+00,8.922628951038444334e-03,-1.415641301399775398e-03,0.000000000000000000e+00
4.595492928447476588e-01,9.052307382629921628e-01,1.800000000000000000e+02,1.070715474124614430e-02,-1.698769561679705498e-03,0.000000000000000000e+00,8.922628951038444334e-03,-1.415641301399775398e-03,0.000000000000000000e+00
4.618691763720176313e-01,9.048626715246281815e-01,1.800000000000000000e+02,1.249168053145383039e-02,-1.981897821959663353e-03,0.000000000000000000e+00,8.922628951038444334e-03,-1.415641301399775398e-03,0.000000000000000000e+00
4.645459650573292576e-01,9.044379791342084252e-01,1.800000000000000000e+02,1.427620632166150261e-02,-2.265026082239648964e-03,0.000000000000000000e+00,8.922628951038444334e-03,-1.415641301399775398e-03,0.000000000000000000e+00
4.675796589006822601e-01,9.039566610917323386e-01,1.800000000000000000e+02,1.606073211186918870e-02,-2.548154342519620696e-03,0.000000000000000000e+00,8.922628951038444334e-03,-1.415641301399775398e-03,0.000000000000000000e+00
4.709702579020768054e-01,9.034187173972003659e-01,1.800000000000000000e+02,1.784525790207688867e-02,-2.831282602799550796e-03,0.000000000000000000e+00,8.922628951038444334e-03,-1.415641301399775398e-03,0.000000000000000000e+00
4.747177620615130600e-01,9.028241480506126182e-01,1.800000000000000000e+02,1.962978369228457476e-02,-3.114410863079508651e-03,0.000000000000000000e+00,8.922628951038444334e-03,-1.415641301399775398e-03,0.000000000000000000e+00
4.788221713789907463e-01,9.021729530519686513e-01,1.800000000000000000e+02,2.141430948249226085e-02,-3.397539123359466506e-03,0.000000000000000000e+00,8.922628951038444334e-03,-1.415641301399775398e-03,0.000000000000000000e+00
4.832834858545099199e-01,9.014651324012686873e-01,1.800000000000000000e+02,2.319883527269994694e-02,-3.680667383639424362e-03,0.000000000000000000e+00,8.922628951038444334e-03,-1.415641301399775398e-03,0.000000000000000000e+00
4.881017054880707473e-01,9.007006860985129482e-01,1.800000000000000000e+02,2.498336106290764691e-02,-3.963795643919354461e-03,0.000000000000000000e+00,8.922628951038444334e-03,-1.415641301399775398e-03,0.000000000000000000e+00
4.932768302796729509e-01,8.998796141437008789e-01,1.800000000000000000e+02,2.676788685311534688e-02,-4.246923904199312316e-03,0.000000000000000000e+00,8.922628951038444334e-03,-1.415641301399775398e-03,0.000000000000000000e+00
4.988088602293168083e-01,8.990019165368332565e-01,1.800000000000000000e+02,2.855241264332301909e-02,-4.530052164479270171e-03,0.000000000000000000e+00,8.922628951038444334e-03,-1.415641301399775398e-03,0.000000000000000000e+00
5.046977953370023195e-01,8.980675932779094151e-01,1.800000000000000000e+02,3.033693843353070518e-02,-4.813180424759255782e-03,0.000000000000000000e+00,8.922628951038444334e-03,-1.415641301399775398e-03,0.000000000000000000e+00
5.109436356027290405e-01,8.970766443669293544e-01,1.800000000000000000e+02,3.212146422373840515e-02,-5.096308685039185882e-03,0.000000000000000000e+00,8.922628951038444334e-03,-1.415641301399775398e-03,0.000000000000000000e+00
5.175463810264975262e-01,8.960290698038936297e-01,1.800000000000000000e+02,3.390599001394610512e-02,-5.379436945319143737e-03,0.000000000000000000e+00,2.713952624238902267e-03,2.037665480566490384e-03,0.000000000000000000e+00
5.243818580817716235e-01,8.949939357244410809e-01,1.800000000000000000e+02,3.444878053879387586e-02,-4.971903849205837334e-03,0.000000000000000000e+00,2.713952624238902267e-03,2.037665480566490384e-03,0.000000000000000000e+00
5.313258932420150682e-01,8.940403082642112143e-01,1.800000000000000000e+02,3.499157106364166048e-02,-4.564370753092530930e-03,0.000000000000000000e+00,2.713952624238902267e-03,2.037665480566490384e-03,0.000000000000000000e+00
5.383784865072283043e-01,8.931681874232041407e-01,1.800000000000000000e+02,3.553436158848942428e-02,-4.156837656979252282e-03,0.000000000000000000e+00,2.713952624238902267e-03,2.037665480566490384e-03,0.000000000000000000e+00
5.455396378774107768e-01,8.923775732014195272e-01,1.800000000000000000e+02,3.607715211333720889e-02,-3.749304560865945879e-03,0.000000000000000000e+00,2.713952624238902267e-03,2.037665480566490384e-03,0.000000000000000000e+00
5.528093473525630408e-01,8.916684655988577068e-01,1.800000000000000000e+02,3.661994263818499351e-02,-3.341771464752646414e-03,0.000000000000000000e+00,2.713952624238902267e-03,2.037665480566490384e-03,0.000000000000000000e+00
5.601876149326848742e-01,8.910408646155185686e-01,1.800000000000000000e+02,3.716273316303276425e-02,-2.934238368639360828e-03,0.000000000000000000e+00,2.713952624238902267e-03,2.037665480566490384e-03,0.000000000000000000e+00
5.676744406177762770e-01,8.904947702514020014e-01,1.800000000000000000e+02,3.770552368788055581e-02,-2.526705272526047485e-03,0.000000000000000000e+00,2.713952624238902267e-03,2.037665480566490384e-03,0.000000000000000000e+00
5.752698244078371381e-01,8.900301825065081163e-01,1.800000000000000000e+02,3.824831421272832654e-02,-2.119172176412761899e-03,0.000000000000000000e+00,2.713952624238902267e-03,2.037665480566490384e-03,0.000000000000000000e+00
5.829737663028675687e-01,8.896471013808369133e-01,1.800000000000000000e+02,3.879110473757611116e-02,-1.711639080299462434e-03,0.000000000000000000e+00,2.713952624238902267e-03,2.037665480566490384e-03,0.000000000000000000e+00
5.907862663028676797e-01,8.893455268743885034e-01,1.800000000000000000e+02,3.933389526242389578e-02,-1.304105984186162970e-03,0.000000000000000000e+00,2.713952624238902267e-03,2.037665480566490384e-03,0.000000000000000000e+00
5.987073244078371381e-01,8.891254589871624425e-01,1.800000000000000000e+02,3.987668578727168733e-02,-8.965728880728496275e-04,0.000000000000000000e+00,2.713952624238902267e-03,2.037665480566490384e-03,0.000000000000000000e+00
6.067369406177762770e-01,8.889868977191591748e-01,1.800000000000000000e+02,4.041947631211945113e-02,-4.890397919595501630e-04,0.000000000000000000e+00,2.713952624238902267e-03,2.037665480566490384e-03,0.000000000000000000e+00
6.148751149326848742e-01,8.889298430703784781e-01,1.800000000000000000e+02,4.096226683696724269e-02,-8.150669584625069852e-05,0.000000000000000000e+00,2.713952624238902267e-03,2.037665480566490384e-03,0.000000000000000000e+00
6.231218473525630408e-01,8.889542950408206856e-01,1.800000000000000000e+02,4.150505736181500649e-02,3.260264002670487660e-04,0.000000000000000000e+00,2.713952624238902267e-03,2.037665480566490384e-03,0.000000000000000000e+00
6.314771378774108879e-01,8.890602536304854642e-01,1.800000000000000000e+02,4.204784788666279804e-02,7.335594963803482305e-04,0.000000000000000000e+00,2.713952624238902267e-03,2.037665480566490384e-03,0.000000000000000000e+00
6.399409865072283043e-01,8.892477188393728138e-01,1.800000000000000000e+02,4.259063841151057572e-02,1.141092592493647695e-03,0.000000000000000000e+00,2.713952624238902267e-03,2.037665480566490384e-03,0.000000000000000000e+00
6.485133932420150682e-01,8.895166906674829566e-01,1.800000000000000000e+02,4.313342893635832564e-02,1.548625688606919404e-03,0.000000000000000000e+00,2.713952624238902267e-03,2.037665480566490384e-03,0.000000000000000000e+00
6.571943580817716235e-01,8.898671691148156704e-01,1.800000000000000000e+02,4.367621946120611720e-02,1.956158784720218868e-03,0.000000000000000000e+00,2.713952624238902267e-03,2.037665480566490384e-03,0.000000000000000000e+00
6.659838810264975262e-01,8.902991541813709553e-01,1.800000000000000000e+02,4.421900998605390876e-02,2.363691880833546088e-03,0.000000000000000000e+00,-3.494714924483076357e-03,5.491043665392381090e-03,0.000000000000000000e+00
6.747577887252188544e-01,8.908817134308454344e-01,1.800000000000000000e+02,4.352006700115725740e-02,3.461900613912003224e-03,0.000000000000000000e+00,-3.494714924483076357e-03,5.491043665392381090e-03,0.000000000000000000e+00
6.833919078269604652e-01,8.916839144269357309e-01,1.800000000000000000e+02,4.282112401626069625e-02,4.560109346990460361e-03,0.000000000000000000e+00,-3.494714924483076357e-03,5.491043665392381090e-03,0.000000000000000000e+00
6.918862383317230247e-01,8.927057571696416227e-01,1.800000000000000000e+02,4.212218103136407266e-02,5.658318080068946987e-03,0.000000000000000000e+00,-3.494714924483076357e-03,5.491043665392381090e-03,0.000000000000000000e+00
7.002407802395060887e-01,8.939472416589633319e-01,1.800000000000000000e+02,4.142323804646746294e-02,6.756526813147437083e-03,0.000000000000000000e+00,-3.494714924483076357e-03,5.491043665392381090e-03,0.000000000000000000e+00
7.084555335503098794e-01,8.954083678949005254e-01,1.800000000000000000e+02,4.072429506157083240e-02,7.854735546225885545e-03,0.000000000000000000e+00,-3.494714924483076357e-03,5.491043665392381090e-03,0.000000000000000000e+00
7.165304982641343967e-01,8.970891358774537583e-01,1.800000000000000000e+02,4.002535207667422268e-02,8.952944279304389519e-03,0.000000000000000000e+00,-3.494714924483076357e-03,5.491043665392381090e-03,0.000000000000000000e+00
7.244656743809796406e-01,8.989895456066224755e-01,1.800000000000000000e+02,3.932640909177759214e-02,1.005115301238285186e-02,0.000000000000000000e+00,-3.494714924483076357e-03,5.491043665392381090e-03,0.000000000000000000e+00
7.322610619008455002e-01,9.011095970824067880e-01,1.800000000000000000e+02,3.862746610688098936e-02,1.114936174546134195e-02,0.000000000000000000e+00,-3.494714924483076357e-03,5.491043665392381090e-03,0.000000000000000000e+00
7.399166608237321974e-01,9.034492903048069179e-01,1.800000000000000000e+02,3.792852312198437270e-02,1.224757047853981817e-02,0.000000000000000000e+00,-3.494714924483076357e-03,5.491043665392381090e-03,0.000000000000000000e+00
7.474324711496393991e-01,9.060086252738227541e-01,1.800000000000000000e+02,3.722958013708776992e-02,1.334577921161828051e-02,0.000000000000000000e+00,-3.494714924483076357e-03,5.491043665392381090e-03,0.000000000000000000e+00
7.548084928785672165e-01,9.087876019894542967e-01,1.800000000000000000e+02,3.653063715219115326e-02,1.444398794469675673e-02,0.000000000000000000e+00,-3.494714924483076357e-03,5.491043665392381090e-03,0.000000000000000000e+00
7.620447260105157605e-01,9.117862204517015456e-01,1.800000000000000000e+02,3.583169416729453660e-02,1.554219667777526070e-02,0.000000000000000000e+00,-3.494714924483076357e-03,5.491043665392381090e-03,0.000000000000000000e+00
7.691411705454849201e-01,9.150044806605643899e-01,1.800000000000000000e+02,3.513275118239790606e-02,1.664040541085370917e-02,0.000000000000000000e+00,-3.494714924483076357e-03,5.491043665392381090e-03,0.000000000000000000e+00
7.760978264834749174e-01,9.184423826160429405e-01,1.800000000000000000e+02,3.443380819750130328e-02,1.773861414393221314e-02,0.000000000000000000e+00,-3.494714924483076357e-03,5.491043665392381090e-03,0.000000000000000000e+00
7.829146938244854192e-01,9.220999263181373085e-01,1.800000000000000000e+02,3.373486521260468662e-02,1.883682287701066160e-02,0.000000000000000000e+00,-3.494714924483076357e-03,5.491043665392381090e-03,0.000000000000000000e+00
7.895917725685167587e-01,9.259771117668471607e-01,1.800000000000000000e+02,3.303592222770806996e-02,1.993503161008916558e-02,0.000000000000000000e+00,-3.494714924483076357e-03,5.491043665392381090e-03,0.000000000000000000e+00
7.961290627155686028e-01,9.300739389621728304e-01,1.800000000000000000e+02,3.233697924281145331e-02,2.103324034316766955e-02,0.000000000000000000e+00,-3.494714924483076357e-03,5.491043665392381090e-03,0.000000000000000000e+00
8.025265642656413956e-01,9.343904079041143174e-01,1.800000000000000000e+02,3.163803625791486440e-02,2.213144907624611801e-02,0.000000000000000000e+00,-3.494714924483076357e-03,5.491043665392381090e-03,0.000000000000000000e+00
8.087842772187345819e-01,9.389265185926713997e-01,1.800000000000000000e+02,3.093909327301821999e-02,2.322965780932453872e-02,0.000000000000000000e+00,-3.675228656908516300e-03,8.944427069465632485e-03,0.000000000000000000e+00
8.148985913002001480e-01,9.437513386959256456e-01,1.800000000000000000e+02,3.020404754163650424e-02,2.501854322321768465e-02,0.000000000000000000e+00,-3.675228656908516300e-03,8.944427069465632485e-03,0.000000000000000000e+00
8.208658962353891919e-01,9.489339358819582904e-01,1.800000000000000000e+02,2.946900181025481971e-02,2.680742863711083057e-02,0.000000000000000000e+00,-3.675228656908516300e-03,8.944427069465632485e-03,0.000000000000000000e+00
8.266861920243019357e-01,9.544743101507700000e-01,1.800000000000000000e+02,2.873395607887310049e-02,2.859631405100394180e-02,0.000000000000000000e+00,-3.675228656908516300e-03,8.944427069465632485e-03,0.000000000000000000e+00
8.323594786669384904e-01,9.603724615023599975e-01,1.800000000000000000e+02,2.799891034749144719e-02,3.038519946489709467e-02,0.000000000000000000e+00,-3.675228656908516300e-03,8.944427069465632485e-03,0.000000000000000000e+00
8.378857561632986339e-01,9.666283899367287269e-01,1.800000000000000000e+02,2.726386461610971756e-02,3.217408487879018508e-02,0.000000000000000000e+00,-3.675228656908516300e-03,8.944427069465632485e-03,0.000000000000000000e+00
8.432650245133823663e-01,9.732420954538760771e-01,1.800000000000000000e+02,2.652881888472799488e-02,3.396297029268331713e-02,0.000000000000000000e+00,-3.675228656908516300e-03,8.944427069465632485e-03,0.000000000000000000e+00
8.484972837171899096e-01,9.802135780538020482e-01,1.800000000000000000e+02,2.579377315334631382e-02,3.575185570657642142e-02,0.000000000000000000e+00,-3.675228656908516300e-03,8.944427069465632485e-03,0.000000000000000000e+00
8.535825337747208197e-01,9.875428377365066401e-01,1.800000000000000000e+02,2.505872742196459113e-02,3.754074112046956735e-02,0.000000000000000000e+00,-3.675228656908516300e-03,8.944427069465632485e-03,0.000000000000000000e+00
8.585207746859756517e-01,9.952298745019900750e-01,1.800000000000000000e+02,2.432368169058289620e-02,3.932962653436267164e-02,0.000000000000000000e+00,-3.675228656908516300e-03,8.944427069465632485e-03,0.000000000000000000e+00
8.633120064509540725e-01,1.003274688350251687e+00,1.800000000000000000e+02,2.358863595920120126e-02,4.111851194825583145e-02,0.000000000000000000e+00,-3.675228656908516300e-03,8.944427069465632485e-03,0.000000000000000000e+00
8.679562290696560822e-01,1.011677279281292252e+00,1.800000000000000000e+02,2.285359022781949245e-02,4.290739736214893574e-02,0.000000000000000000e+00,-3.675228656908516300e-03,8.944427069465632485e-03,0.000000000000000000e+00
8.724534425420820138e-01,1.020437647295111327e+00,1.800000000000000000e+02,2.211854449643779752e-02,4.469628277604206779e-02,0.000000000000000000e+00,-3.675228656908516300e-03,8.944427069465632485e-03,0.000000000000000000e+00
8.768036468682312012e-01,1.029555792391708913e+00,1.800000000000000000e+02,2.138349876505607483e-02,4.648516818993517208e-02,0.000000000000000000e+00,-3.675228656908516300e-03,8.944427069465632485e-03,0.000000000000000000e+00
8.810068420481043105e-01,1.039031714571085452e+00,1.800000000000000000e+02,2.064845303367437990e-02,4.827405360382830413e-02,0.000000000000000000e+00,-3.675228656908516300e-03,8.944427069465632485e-03,0.000000000000000000e+00
8.850630280817010087e-01,1.048865413833240279e+00,1.800000000000000000e+02,1.991340730229265721e-02,5.006293901772140842e-02,0.000000000000000000e+00,-3.675228656908516300e-03,8.944427069465632485e-03,0.000000000000000000e+00
8.889722049690212957e-01,1.059056890178173838e+00,1.800000000000000000e+02,1.917836157091099003e-02,5.185182443161456822e-02,0.000000000000000000e+00,-3.675228656908516300e-03,8.944427069465632485e-03,0.000000000000000000e+00
8.927343727100653936e-01,1.069606143605886128e+00,1.800000000000000000e+02,1.844331583952929510e-02,5.364070984550767252e-02,0.000000000000000000e+00,-3.675228656908516300e-03,8.944427069465632485e-03,0.000000000000000000e+00
8.963495313048330804e-01,1.080513174116376929e+00,1.800000000000000000e+02,1.770827010814757241e-02,5.542959525940083232e-02,0.000000000000000000e+00,-3.675228656908516300e-03,8.944427069465632485e-03,0.000000000000000000e+00
8.998176807533244670e-01,1.091777981709646461e+00,1.800000000000000000e+02,1.697322437676584972e-02,5.721848067329393661e-02,0.000000000000000000e+00,-5.735788918068016051e-03,2.864967461451456421e-03,0.000000000000000000e+00
9.030976098503161742e-01,1.103278977193534072e+00,1.800000000000000000e+02,1.582606659315227010e-02,5.779147416558424316e-02,0.000000000000000000e+00,-5.735788918068016051e-03,2.864967461451456421e-03,0.000000000000000000e+00
9.061481073905853778e-01,1.114894571375880217e+00,1.800000000000000000e+02,1.467890880953864885e-02,5.836446765787452889e-02,0.000000000000000000e+00,-5.735788918068016051e-03,2.864967461451456421e-03,0.000000000000000000e+00
9.089691733741317448e-01,1.126624764256684230e+00,1.800000000000000000e+02,1.353175102592504148e-02,5.893746115016480769e-02,0.000000000000000000e+00,-5.735788918068016051e-03,2.864967461451456421e-03,0.000000000000000000e+00
9.115608078009552750e-01,1.138469555835946112e+00,1.800000000000000000e+02,1.238459324231146186e-02,5.951045464245509342e-02,0.000000000000000000e+00,-5.735788918068016051e-03,2.864967461451456421e-03,0.000000000000000000e+00
9.139230106710561907e-01,1.150428946113666306e+00,1.800000000000000000e+02,1.123743545869786142e-02,6.008344813474539303e-02,0.000000000000000000e+00,-5.735788918068016051e-03,2.864967461451456421e-03,0.000000000000000000e+00
9.160557819844344918e-01,1.162502935089844369e+00,1.800000000000000000e+02,1.009027767508424711e-02,6.065644162703567877e-02,0.000000000000000000e+00,-5.735788918068016051e-03,2.864967461451456421e-03,0.000000000000000000e+00
9.179591217410899562e-01,1.174691522764480522e+00,1.800000000000000000e+02,8.943119891470632798e-03,6.122943511932595062e-02,0.000000000000000000e+00,-5.735788918068016051e-03,2.864967461451456421e-03,0.000000000000000000e+00
9.196330299410229170e-01,1.186994709137574766e+00,1.800000000000000000e+02,7.795962107857018486e-03,6.180242861161626411e-02,0.000000000000000000e+00,-5.735788918068016051e-03,2.864967461451456421e-03,0.000000000000000000e+00
9.210775065842328191e-01,1.199412494209127100e+00,1.800000000000000000e+02,6.648804324243431929e-03,6.237542210390654984e-02,0.000000000000000000e+00,-5.735788918068016051e-03,2.864967461451456421e-03,0.000000000000000000e+00
9.222925516707201066e-01,1.211944877979137303e+00,1.800000000000000000e+02,5.501646540629817617e-03,6.294841559619687721e-02,0.000000000000000000e+00,-5.735788918068016051e-03,2.864967461451456421e-03,0.000000000000000000e+00
9.232781652004848905e-01,1.224591860447605596e+00,1.800000000000000000e+02,4.354488757016244938e-03,6.352140908848710743e-02,0.000000000000000000e+00,-5.735788918068016051e-03,2.864967461451456421e-03,0.000000000000000000e+00
9.240343471735266156e-01,1.237353441614532201e+00,1.800000000000000000e+02,3.207330973402616747e-03,6.409440258077742092e-02,0.000000000000000000e+00,-5.735788918068016051e-03,2.864967461451456421e-03,0.000000000000000000e+00
9.245610975898457262e-01,1.250229621479916453e+00,1.800000000000000000e+02,2.060173189788988557e-03,6.466739607306770665e-02,0.000000000000000000e+00,-5.735788918068016051e-03,2.864967461451456421e-03,0.000000000000000000e+00
9.248584164494421112e-01,1.263220400043759239e+00,1.800000000000000000e+02,9.130154061754158779e-04,6.524038956535799239e-02,0.000000000000000000e+00,-5.735788918068016051e-03,2.864967461451456421e-03,0.000000000000000000e+00
9.249263037523158815e-01,1.276325777306059894e+00,1.800000000000000000e+02,-2.341423774382123124e-04,6.581338305764830587e-02,0.000000000000000000e+00,-5.735788918068016051e-03,2.864967461451456421e-03,0.000000000000000000e+00
9.247647594984669261e-01,1.289545753266818640e+00,1.800000000000000000e+02,-1.381300161051784992e-03,6.638637654993856385e-02,0.000000000000000000e+00,-5.735788918068016051e-03,2.864967461451456421e-03,0.000000000000000000e+00
9.243737836878952452e-01,1.302880327926035253e+00,1.800000000000000000e+02,-2.528457944665385426e-03,6.695937004222890510e-02,0.000000000000000000e+00,-5.735788918068016051e-03,2.864967461451456421e-03,0.000000000000000000e+00
9.237533763206007276e-01,1.316329501283710179e+00,1.800000000000000000e+02,-3.675615728279013616e-03,6.753236353451913532e-02,0.000000000000000000e+00,-5.735788918068016051e-03,2.864967461451456421e-03,0.000000000000000000e+00
9.229035373965835953e-01,1.329893273339842974e+00,1.800000000000000000e+02,-4.822773511892614051e-03,6.810535702680947656e-02,0.000000000000000000e+00,-7.796358097098304851e-03,-3.214497748449923753e-03,0.000000000000000000e+00
9.217830555322631403e-01,1.343450054790235715e+00,1.800000000000000000e+02,-6.382045131312266001e-03,6.746245747711950014e-02,0.000000000000000000e+00,-7.796358097098304851e-03,-3.214497748449923753e-03,0.000000000000000000e+00
9.203507193440585432e-01,1.356878256330690924e+00,1.800000000000000000e+02,-7.941316750731904073e-03,6.681955792742952371e-02,0.000000000000000000e+00,-7.796358097098304851e-03,-3.214497748449923753e-03,0.000000000000000000e+00
9.186065288319703592e-01,1.370177877961207935e+00,1.800000000000000000e+02,-9.500588370151615003e-03,6.617665837773947790e-02,0.000000000000000000e+00,-7.796358097098304851e-03,-3.214497748449923753e-03,0.000000000000000000e+00
9.165504839959980332e-01,1.383348919681786526e+00,1.800000000000000000e+02,-1.105985998957126348e-02,6.553375882804952923e-02,0.000000000000000000e+00,-7.796358097098304851e-03,-3.214497748449923753e-03,0.000000000000000000e+00
9.141825848361417872e-01,1.396391381492427364e+00,1.800000000000000000e+02,-1.261913160899091196e-02,6.489085927835955281e-02,0.000000000000000000e+00,-7.796358097098304851e-03,-3.214497748449923753e-03,0.000000000000000000e+00
9.115028313524016212e-01,1.409305263393130447e+00,1.800000000000000000e+02,-1.417840322841058820e-02,6.424795972866953475e-02,0.000000000000000000e+00,-7.796358097098304851e-03,-3.214497748449923753e-03,0.000000000000000000e+00
9.085112235447776463e-01,1.422090565383895555e+00,1.800000000000000000e+02,-1.573767484783024362e-02,6.360506017897957221e-02,0.000000000000000000e+00,-7.796358097098304851e-03,-3.214497748449923753e-03,0.000000000000000000e+00
9.052077614132696404e-01,1.434747287464722465e+00,1.800000000000000000e+02,-1.729694646724992679e-02,6.296216062928960966e-02,0.000000000000000000e+00,-7.796358097098304851e-03,-3.214497748449923753e-03,0.000000000000000000e+00
9.015924449578776034e-01,1.447275429635611177e+00,1.800000000000000000e+02,-1.885621808666959609e-02,6.231926107959961936e-02,0.000000000000000000e+00,-7.796358097098304851e-03,-3.214497748449923753e-03,0.000000000000000000e+00
8.976652741786017575e-01,1.459674991896561913e+00,1.800000000000000000e+02,-2.041548970608922375e-02,6.167636152990965681e-02,0.000000000000000000e+00,-7.796358097098304851e-03,-3.214497748449923753e-03,0.000000000000000000e+00
8.934262490754419916e-01,1.471945974247575117e+00,1.800000000000000000e+02,-2.197476132550890693e-02,6.103346198021963875e-02,0.000000000000000000e+00,-7.796358097098304851e-03,-3.214497748449923753e-03,0.000000000000000000e+00
8.888753696483983058e-01,1.484088376688650124e+00,1.800000000000000000e+02,-2.353403294492859010e-02,6.039056243052964845e-02,0.000000000000000000e+00,-7.796358097098304851e-03,-3.214497748449923753e-03,0.000000000000000000e+00
8.840126358974704779e-01,1.496102199219786932e+00,1.800000000000000000e+02,-2.509330456434824552e-02,5.974766288083965815e-02,0.000000000000000000e+00,-7.796358097098304851e-03,-3.214497748449923753e-03,0.000000000000000000e+00
8.788380478226589521e-01,1.507987441840985543e+00,1.800000000000000000e+02,-2.665257618376790094e-02,5.910476333114966785e-02,0.000000000000000000e+00,-7.796358097098304851e-03,-3.214497748449923753e-03,0.000000000000000000e+00
8.733516054239632842e-01,1.519744104552246622e+00,1.800000000000000000e+02,-2.821184780318755636e-02,5.846186378145967755e-02,0.000000000000000000e+00,-7.796358097098304851e-03,-3.214497748449923753e-03,0.000000000000000000e+00
8.675533087013838074e-01,1.531372187353569725e+00,1.800000000000000000e+02,-2.977111942260721178e-02,5.781896423176974276e-02,0.000000000000000000e+00,-7.796358097098304851e-03,-3.214497748449923753e-03,0.000000000000000000e+00
8.614431576549205216e-01,1.542871690244954630e+00,1.800000000000000000e+02,-3.133039104202689495e-02,5.717606468207969694e-02,0.000000000000000000e+00,-7.796358097098304851e-03,-3.214497748449923753e-03,0.000000000000000000e+00
8.550211522845732048e-01,1.554242613226401559e+00,1.800000000000000000e+02,-3.288966266144655037e-02,5.653316513238976215e-02,0.000000000000000000e+00,-7.796358097098304851e-03,-3.214497748449923753e-03,0.000000000000000000e+00
8.482872925903418571e-01,1.565484956297910513e+00,1.800000000000000000e+02,-3.444893428086617804e-02,5.589026558269977185e-02,0.000000000000000000e+00,-7.907107781357856913e-03,-7.026327465861376131e-03,0.000000000000000000e+00
8.412393635785414547e-01,1.576522482865133190e+00,1.800000000000000000e+02,-3.603035583713778273e-02,5.448500008952755769e-02,0.000000000000000000e+00,-7.907107781357856913e-03,-7.026327465861376131e-03,0.000000000000000000e+00
8.338751502554866413e-01,1.587278956333721514e+00,1.800000000000000000e+02,-3.761177739340934578e-02,5.307973459635520475e-02,0.000000000000000000e+00,-7.907107781357856913e-03,-7.026327465861376131e-03,0.000000000000000000e+00
8.261946526211777497e-01,1.597754376703675483e+00,1.800000000000000000e+02,-3.919319894968091578e-02,5.167446910318293507e-02,0.000000000000000000e+00,-7.907107781357856913e-03,-7.026327465861376131e-03,0.000000000000000000e+00
8.181978706756143360e-01,1.607948743974994654e+00,1.800000000000000000e+02,-4.077462050595247883e-02,5.026920361001066540e-02,0.000000000000000000e+00,-7.907107781357856913e-03,-7.026327465861376131e-03,0.000000000000000000e+00
8.098848044187967332e-01,1.617862058147679472e+00,1.800000000000000000e+02,-4.235604206222405577e-02,4.886393811683839572e-02,0.000000000000000000e+00,-7.907107781357856913e-03,-7.026327465861376131e-03,0.000000000000000000e+00
8.012554538507247193e-01,1.627494319221730157e+00,1.800000000000000000e+02,-4.393746361849561882e-02,4.745867262366609829e-02,0.000000000000000000e+00,-7.907107781357856913e-03,-7.026327465861376131e-03,0.000000000000000000e+00
7.923098189713985162e-01,1.636845527197146266e+00,1.800000000000000000e+02,-4.551888517476718188e-02,4.605340713049382861e-02,0.000000000000000000e+00,-7.907107781357856913e-03,-7.026327465861376131e-03,0.000000000000000000e+00
7.830478997808177910e-01,1.645915682073927799e+00,1.800000000000000000e+02,-4.710030673103877269e-02,4.464814163732153118e-02,0.000000000000000000e+00,-7.907107781357856913e-03,-7.026327465861376131e-03,0.000000000000000000e+00
7.734696962789829877e-01,1.654704783852074756e+00,1.800000000000000000e+02,-4.868172828731033575e-02,4.324287614414923375e-02,0.000000000000000000e+00,-7.907107781357856913e-03,-7.026327465861376131e-03,0.000000000000000000e+00
7.635752084658937733e-01,1.663212832531587138e+00,1.800000000000000000e+02,-5.026314984358189186e-02,4.183761065097704734e-02,0.000000000000000000e+00,-7.907107781357856913e-03,-7.026327465861376131e-03,0.000000000000000000e+00
7.533644363415503697e-01,1.671439828112465609e+00,1.800000000000000000e+02,-5.184457139985348961e-02,4.043234515780474991e-02,0.000000000000000000e+00,-7.907107781357856913e-03,-7.026327465861376131e-03,0.000000000000000000e+00
7.428373799059523330e-01,1.679385770594709504e+00,1.800000000000000000e+02,-5.342599295612505961e-02,3.902707966463248024e-02,0.000000000000000000e+00,-7.907107781357856913e-03,-7.026327465861376131e-03,0.000000000000000000e+00
7.319940391591002182e-01,1.687050659978318379e+00,1.800000000000000000e+02,-5.500741451239660185e-02,3.762181417146015505e-02,0.000000000000000000e+00,-7.907107781357856913e-03,-7.026327465861376131e-03,0.000000000000000000e+00
7.208344141009939143e-01,1.694434496263293122e+00,1.800000000000000000e+02,-5.658883606866818572e-02,3.621654867828794089e-02,0.000000000000000000e+00,-7.907107781357856913e-03,-7.026327465861376131e-03,0.000000000000000000e+00
7.093585047316328662e-01,1.701537279449633733e+00,1.800000000000000000e+02,-5.817025762493976959e-02,3.481128318511556019e-02,0.000000000000000000e+00,-7.907107781357856913e-03,-7.026327465861376131e-03,0.000000000000000000e+00
6.975663110510177400e-01,1.708359009537339546e+00,1.800000000000000000e+02,-5.975167918121131183e-02,3.340601769194334603e-02,0.000000000000000000e+00,-7.907107781357856913e-03,-7.026327465861376131e-03,0.000000000000000000e+00
6.854578330591485358e-01,1.714899686526410783e+00,1.800000000000000000e+02,-6.133310073748288183e-02,3.200075219877102084e-02,0.000000000000000000e+00,-7.907107781357856913e-03,-7.026327465861376131e-03,0.000000000000000000e+00
6.730330707560245873e-01,1.721159310416847887e+00,1.800000000000000000e+02,-6.291452229375446570e-02,3.059548670559875116e-02,0.000000000000000000e+00,-7.907107781357856913e-03,-7.026327465861376131e-03,0.000000000000000000e+00
6.602920241416465608e-01,1.727137881208650416e+00,1.800000000000000000e+02,-6.449594385002602182e-02,2.919022121242648149e-02,0.000000000000000000e+00,-2.328691259908314409e-03,-8.514221774201302662e-03,0.000000000000000000e+00
6.473462615464432579e-01,1.732805641015651599e+00,1.800000000000000000e+02,-6.496168210200767290e-02,2.748737685758622512e-02,0.000000000000000000e+00,-2.328691259908314409e-03,-8.514221774201302662e-03,0.000000000000000000e+00
6.343073513008434805e-01,1.738132831951685109e+00,1.800000000000000000e+02,-6.542742035398933786e-02,2.578453250274598957e-02,0.000000000000000000e+00,-2.328691259908314409e-03,-8.514221774201302662e-03,0.000000000000000000e+00
6.211752934048474506e-01,1.743119454016750058e+00,1.800000000000000000e+02,-6.589315860597101671e-02,2.408168814790573320e-02,0.000000000000000000e+00,-2.328691259908314409e-03,-8.514221774201302662e-03,0.000000000000000000e+00
6.079500878584551682e-01,1.747765507210847113e+00,1.800000000000000000e+02,-6.635889685795266779e-02,2.237884379306548377e-02,0.000000000000000000e+00,-2.328691259908314409e-03,-8.514221774201302662e-03,0.000000000000000000e+00
5.946317346616664112e-01,1.752070991533976274e+00,1.800000000000000000e+02,-6.682463510993433276e-02,2.067599943822524822e-02,0.000000000000000000e+00,-2.328691259908314409e-03,-8.514221774201302662e-03,0.000000000000000000e+00
5.812202338144814018e-01,1.756035906986137318e+00,1.800000000000000000e+02,-6.729037336191599772e-02,1.897315508338498491e-02,0.000000000000000000e+00,-2.328691259908314409e-03,-8.514221774201302662e-03,0.000000000000000000e+00
5.677155853169001398e-01,1.759660253567330246e+00,1.800000000000000000e+02,-6.775611161389766268e-02,1.727031072854470772e-02,0.000000000000000000e+00,-2.328691259908314409e-03,-8.514221774201302662e-03,0.000000000000000000e+00
5.541177891689222923e-01,1.762944031277555279e+00,1.800000000000000000e+02,-6.822184986587934152e-02,1.556746637370445829e-02,0.000000000000000000e+00,-2.328691259908314409e-03,-8.514221774201302662e-03,0.000000000000000000e+00
5.404268453705483033e-01,1.765887240116811974e+00,1.800000000000000000e+02,-6.868758811786099261e-02,1.386462201886415335e-02,0.000000000000000000e+00,-2.328691259908314409e-03,-8.514221774201302662e-03,0.000000000000000000e+00
5.266427539217779508e-01,1.768489880085100996e+00,1.800000000000000000e+02,-6.915332636984265757e-02,1.216177766402395943e-02,0.000000000000000000e+00,-2.328691259908314409e-03,-8.514221774201302662e-03,0.000000000000000000e+00
5.127655148226113457e-01,1.770751951182421680e+00,1.800000000000000000e+02,-6.961906462182432254e-02,1.045893330918368225e-02,0.000000000000000000e+00,-2.328691259908314409e-03,-8.514221774201302662e-03,0.000000000000000000e+00
4.987951280730481551e-01,1.772673453408774247e+00,1.800000000000000000e+02,-7.008480287380597362e-02,8.756088954343432817e-03,0.000000000000000000e+00,-2.328691259908314409e-03,-8.514221774201302662e-03,0.000000000000000000e+00
4.847315936730888786e-01,1.774254386764158697e+00,1.800000000000000000e+02,-7.055054112578763859e-02,7.053244599503183387e-03,0.000000000000000000e+00,-2.328691259908314409e-03,-8.514221774201302662e-03,0.000000000000000000e+00
4.705749116227332385e-01,1.775494751248575476e+00,1.800000000000000000e+02,-7.101627937776933130e-02,5.350400244662878446e-03,0.000000000000000000e+00,-2.328691259908314409e-03,-8.514221774201302662e-03,0.000000000000000000e+00
4.563250819219810683e-01,1.776394546862024360e+00,1.800000000000000000e+02,-7.148201762975099627e-02,3.647555889822629016e-03,0.000000000000000000e+00,-2.328691259908314409e-03,-8.514221774201302662e-03,0.000000000000000000e+00
4.419821045708327567e-01,1.776953773604504683e+00,1.800000000000000000e+02,-7.194775588173263348e-02,1.944711534982379586e-03,0.000000000000000000e+00,-2.328691259908314409e-03,-8.514221774201302662e-03,0.000000000000000000e+00
4.275459795692881371e-01,1.777172431476016889e+00,1.800000000000000000e+02,-7.241349413371431232e-02,2.418671801421301559e-04,0.000000000000000000e+00,-2.328691259908314409e-03,-8.514221774201302662e-03,0.000000000000000000e+00
4.130167069173469319e-01,1.777050520476561424e+00,1.800000000000000000e+02,-7.287923238569597728e-02,-1.460977174698119274e-03,0.000000000000000000e+00,-2.328691259908314409e-03,-8.514221774201302662e-03,0.000000000000000000e+00
3.983942866150096407e-01,1.776588040606137842e+00,1.800000000000000000e+02,-7.334497063767764224e-02,-3.163821529538368704e-03,0.000000000000000000e+00,5.386034505275362830e-03,-7.517607886964594588e-03,0.000000000000000000e+00
3.838330131775797294e-01,1.775804924142490915e+00,1.800000000000000000e+02,-7.226776373662256725e-02,-4.667343106931298030e-03,0.000000000000000000e+00,5.386034505275362830e-03,-7.517607886964594588e-03,0.000000000000000000e+00
3.694871811203608303e-01,1.774721103363365193e+00,1.800000000000000000e+02,-7.119055683556752001e-02,-6.170864684324227356e-03,0.000000000000000000e+00,5.386034505275362830e-03,-7.517607886964594588e-03,0.000000000000000000e+00
3.553567904433528879e-01,1.773336578268760899e+00,1.800000000000000000e+02,-7.011334993451243114e-02,-7.674386261717097701e-03,0.000000000000000000e+00,5.386034505275362830e-03,-7.517607886964594588e-03,0.000000000000000000e+00
3.414418411465555137e-01,1.771651348858678476e+00,1.800000000000000000e+02,-6.903614303345734227e-02,-9.177907839110099886e-03,0.000000000000000000e+00,5.386034505275362830e-03,-7.517607886964594588e-03,0.000000000000000000e+00
3.277423332299695957e-01,1.769665415133117037e+00,1.800000000000000000e+02,-6.795893613240223952e-02,-1.068142941650300493e-02,0.000000000000000000e+00,5.386034505275362830e-03,-7.517607886964594588e-03,0.000000000000000000e+00
3.142582666935947455e-01,1.767378777092077247e+00,1.800000000000000000e+02,-6.688172923134719228e-02,-1.218495099389593772e-02,0.000000000000000000e+00,5.386034505275362830e-03,-7.517607886964594588e-03,0.000000000000000000e+00
3.009896415374308520e-01,1.764791434735559106e+00,1.800000000000000000e+02,-6.580452233029210340e-02,-1.368847257128885664e-02,0.000000000000000000e+00,5.386034505275362830e-03,-7.517607886964594588e-03,0.000000000000000000e+00
2.879364577614780818e-01,1.761903388063561726e+00,1.800000000000000000e+02,-6.472731542923705617e-02,-1.519199414868172004e-02,0.000000000000000000e+00,5.386034505275362830e-03,-7.517607886964594588e-03,0.000000000000000000e+00
2.750987153657361572e-01,1.758714637076085996e+00,1.800000000000000000e+02,-6.365010852818198117e-02,-1.669551572607463896e-02,0.000000000000000000e+00,5.386034505275362830e-03,-7.517607886964594588e-03,0.000000000000000000e+00
2.624764143502049119e-01,1.755225181773131693e+00,1.800000000000000000e+02,-6.257290162712689230e-02,-1.819903730346764115e-02,0.000000000000000000e+00,5.386034505275362830e-03,-7.517607886964594588e-03,0.000000000000000000e+00
2.500695547148851228e-01,1.751435022154699039e+00,1.800000000000000000e+02,-6.149569472607182424e-02,-1.970255888086058782e-02,0.000000000000000000e+00,5.386034505275362830e-03,-7.517607886964594588e-03,0.000000000000000000e+00
2.378781364597763737e-01,1.747344158220788035e+00,1.800000000000000000e+02,-6.041848782501674231e-02,-2.120608045825345123e-02,0.000000000000000000e+00,5.386034505275362830e-03,-7.517607886964594588e-03,0.000000000000000000e+00
2.259021595848785813e-01,1.742952589971397792e+00,1.800000000000000000e+02,-5.934128092396167425e-02,-2.270960203564631463e-02,0.000000000000000000e+00,5.386034505275362830e-03,-7.517607886964594588e-03,0.000000000000000000e+00
2.141416240901918011e-01,1.738260317406528976e+00,1.800000000000000000e+02,-5.826407402290662008e-02,-2.421312361303928906e-02,0.000000000000000000e+00,5.386034505275362830e-03,-7.517607886964594588e-03,0.000000000000000000e+00
2.025965299757160609e-01,1.733267340526182032e+00,1.800000000000000000e+02,-5.718686712185155202e-02,-2.571664519043215247e-02,0.000000000000000000e+00,5.386034505275362830e-03,-7.517607886964594588e-03,0.000000000000000000e+00
1.912668772414509721e-01,1.727973659330356071e+00,1.800000000000000000e+02,-5.610966022079644233e-02,-2.722016676782512690e-02,0.000000000000000000e+00,5.386034505275362830e-03,-7.517607886964594588e-03,0.000000000000000000e+00
1.801526658873972286e-01,1.722379273819051759e+00,1.800000000000000000e+02,-5.503245331974137428e-02,-2.872368834521804581e-02,0.000000000000000000e+00,5.386034505275362830e-03,-7.517607886964594588e-03,0.000000000000000000e+00
1.692538959135545251e-01,1.716484183992268875e+00,1.800000000000000000e+02,-5.395524641868632010e-02,-3.022720992261096473e-02,0.000000000000000000e+00,5.386034505275362830e-03,-7.517607886964594588e-03,0.000000000000000000e+00
1.585705673199228061e-01,1.710288389850007640e+00,1.800000000000000000e+02,-5.287803951763123816e-02,-3.173073150000388365e-02,0.000000000000000000e+00,9.072633986707847459e-03,-2.607680999192632521e-03,0.000000000000000000e+00
1.481764120961307774e-01,1.703890089930022889e+00,1.800000000000000000e+02,-5.106351272028969435e-02,-3.225226769984242126e-02,0.000000000000000000e+00,9.072633986707847459e-03,-2.607680999192632521e-03,0.000000000000000000e+00
1.381451622318070338e-01,1.697387482770070566e+00,1.800000000000000000e+02,-4.924898592294813665e-02,-3.277380389968095886e-02,0.000000000000000000e+00,9.072633986707847459e-03,-2.607680999192632521e-03,0.000000000000000000e+00
1.284768177269516309e-01,1.690780568370150450e+00,1.800000000000000000e+02,-4.743445912560657202e-02,-3.329534009951948953e-02,0.000000000000000000e+00,9.072633986707847459e-03,-2.607680999192632521e-03,0.000000000000000000e+00
1.191713785815642079e-01,1.684069346730262540e+00,1.800000000000000000e+02,-4.561993232826495187e-02,-3.381687629935806183e-02,0.000000000000000000e+00,9.072633986707847459e-03,-2.607680999192632521e-03,0.000000000000000000e+00
1.102288447956454448e-01,1.677253817850407280e+00,1.800000000000000000e+02,-4.380540553092338724e-02,-3.433841249919648841e-02,0.000000000000000000e+00,9.072633986707847459e-03,-2.607680999192632521e-03,0.000000000000000000e+00
1.016492163691949391e-01,1.670333981730584005e+00,1.800000000000000000e+02,-4.199087873358182954e-02,-3.485994869903508153e-02,0.000000000000000000e+00,9.072633986707847459e-03,-2.607680999192632521e-03,0.000000000000000000e+00
9.343249330221278792e-02,1.663309838370793381e+00,1.800000000000000000e+02,-4.017635193624026491e-02,-3.538148489887357750e-02,0.000000000000000000e+00,9.072633986707847459e-03,-2.607680999192632521e-03,0.000000000000000000e+00
8.557867559469893581e-02,1.656181387771034741e+00,1.800000000000000000e+02,-3.836182513889871415e-02,-3.590302109871210123e-02,0.000000000000000000e+00,9.072633986707847459e-03,-2.607680999192632521e-03,0.000000000000000000e+00
7.808776324665339663e-02,1.648948629931308529e+00,1.800000000000000000e+02,-3.654729834155714951e-02,-3.642455729855062496e-02,0.000000000000000000e+00,9.072633986707847459e-03,-2.607680999192632521e-03,0.000000000000000000e+00
7.095975625807590670e-02,1.641611564851614302e+00,1.800000000000000000e+02,-3.473277154421552937e-02,-3.694609349838914869e-02,0.000000000000000000e+00,9.072633986707847459e-03,-2.607680999192632521e-03,0.000000000000000000e+00
6.419465462896699337e-02,1.634170192531952726e+00,1.800000000000000000e+02,-3.291824474687397167e-02,-3.746762969822767242e-02,0.000000000000000000e+00,9.072633986707847459e-03,-2.607680999192632521e-03,0.000000000000000000e+00
5.779245835932639991e-02,1.626624512972323577e+00,1.800000000000000000e+02,-3.110371794953240704e-02,-3.798916589806616839e-02,0.000000000000000000e+00,9.072633986707847459e-03,-2.607680999192632521e-03,0.000000000000000000e+00
5.175316744915409856e-02,1.618974526172726192e+00,1.800000000000000000e+02,-2.928919115219084934e-02,-3.851070209790469212e-02,0.000000000000000000e+00,9.072633986707847459e-03,-2.607680999192632521e-03,0.000000000000000000e+00
4.607678189845012401e-02,1.611220232133161678e+00,1.800000000000000000e+02,-2.747466435484929165e-02,-3.903223829774327136e-02,0.000000000000000000e+00,9.072633986707847459e-03,-2.607680999192632521e-03,0.000000000000000000e+00
4.076330170721444157e-02,1.603361630853629149e+00,1.800000000000000000e+02,-2.566013755750773048e-02,-3.955377449758168407e-02,0.000000000000000000e+00,9.072633986707847459e-03,-2.607680999192632521e-03,0.000000000000000000e+00
3.581272687544691941e-02,1.595398722334128605e+00,1.800000000000000000e+02,-2.384561076016611034e-02,-4.007531069742031882e-02,0.000000000000000000e+00,9.072633986707847459e-03,-2.607680999192632521e-03,0.000000000000000000e+00
3.122505740314787323e-02,1.587331506574660711e+00,1.800000000000000000e+02,-2.203108396282454917e-02,-4.059684689725878703e-02,0.000000000000000000e+00,9.072633986707847459e-03,-2.607680999192632521e-03,0.000000000000000000e+00
2.700029329031714345e-02,1.579159983575225468e+00,1.800000000000000000e+02,-2.021655716548299148e-02,-4.111838309709736627e-02,0.000000000000000000e+00,9.072633986707847459e-03,-2.607680999192632521e-03,0.000000000000000000e+00
2.313843453695472313e-02,1.570884153335821987e+00,1.800000000000000000e+02,-1.840203036814143031e-02,-4.163991929693589000e-02,0.000000000000000000e+00,5.661574692621290997e-03,1.789361956836030276e-03,0.000000000000000000e+00
1.957125995717888534e-02,1.562591956715571495e+00,1.800000000000000000e+02,-1.726971542961718009e-02,-4.128204690556865064e-02,0.000000000000000000e+00,5.661574692621290997e-03,1.789361956836030276e-03,0.000000000000000000e+00
1.623054836510788926e-02,1.554371334573594554e+00,1.800000000000000000e+02,-1.613740049109292640e-02,-4.092417451420145985e-02,0.000000000000000000e+00,5.661574692621290997e-03,1.789361956836030276e-03,0.000000000000000000e+00
1.311629976074174878e-02,1.546222286909891164e+00,1.800000000000000000e+02,-1.500508555256867618e-02,-4.056630212283431763e-02,0.000000000000000000e+00,5.661574692621290997e-03,1.789361956836030276e-03,0.000000000000000000e+00
1.022851414408035634e-02,1.538144813724460658e+00,1.800000000000000000e+02,-1.387277061404438433e-02,-4.020842973146708521e-02,0.000000000000000000e+00,5.661574692621290997e-03,1.789361956836030276e-03,0.000000000000000000e+00
7.567191515123920104e-03,1.530138915017304146e+00,1.800000000000000000e+02,-1.274045567552013411e-02,-3.985055734009979034e-02,0.000000000000000000e+00,5.661574692621290997e-03,1.789361956836030276e-03,0.000000000000000000e+00
5.132331873872330794e-03,1.522204590788420964e+00,1.800000000000000000e+02,-1.160814073699588042e-02,-3.949268494873266200e-02,0.000000000000000000e+00,5.661574692621290997e-03,1.789361956836030276e-03,0.000000000000000000e+00
2.923935220325591874e-03,1.514341841037811109e+00,1.800000000000000000e+02,-1.047582579847163020e-02,-3.913481255736545039e-02,0.000000000000000000e+00,5.661574692621290997e-03,1.789361956836030276e-03,0.000000000000000000e+00
9.420015544837033461e-04,1.506550665765474806e+00,1.800000000000000000e+02,-9.343510859947378247e-03,-3.877694016599819715e-02,0.000000000000000000e+00,5.661574692621290997e-03,1.789361956836030276e-03,0.000000000000000000e+00
-8.134691236533382608e-04,1.498831064971411831e+00,1.800000000000000000e+02,-8.211195921423126293e-03,-3.841906777463099942e-02,0.000000000000000000e+00,5.661574692621290997e-03,1.789361956836030276e-03,0.000000000000000000e+00
-2.342476814085577182e-03,1.491183038655622184e+00,1.800000000000000000e+02,-7.078880982898834440e-03,-3.806119538326382945e-02,0.000000000000000000e+00,5.661574692621290997e-03,1.789361956836030276e-03,0.000000000000000000e+00
-3.645021516812912803e-03,1.483606586818106088e+00,1.800000000000000000e+02,-5.946566044374582485e-03,-3.770332299189663172e-02,0.000000000000000000e+00,5.661574692621290997e-03,1.789361956836030276e-03,0.000000000000000000e+00
-4.721103231835398900e-03,1.476101709458863542e+00,1.800000000000000000e+02,-4.814251105850330531e-03,-3.734545060052937848e-02,0.000000000000000000e+00,5.661574692621290997e-03,1.789361956836030276e-03,0.000000000000000000e+00
-5.570721959153035474e-03,1.468668406577894547e+00,1.800000000000000000e+02,-3.681936167326078577e-03,-3.698757820916218075e-02,0.000000000000000000e+00,5.661574692621290997e-03,1.789361956836030276e-03,0.000000000000000000e+00
-6.193877698765819922e-03,1.461306678175198881e+00,1.800000000000000000e+02,-2.549621228801826622e-03,-3.662970581779501078e-02,0.000000000000000000e+00,5.661574692621290997e-03,1.789361956836030276e-03,0.000000000000000000e+00
-6.590570450673760051e-03,1.454016524250776765e+00,1.800000000000000000e+02,-1.417306290277573801e-03,-3.627183342642770203e-02,0.000000000000000000e+00,5.661574692621290997e-03,1.789361956836030276e-03,0.000000000000000000e+00
-6.760800214876848922e-03,1.446797944804627534e+00,1.800000000000000000e+02,-2.849913517532841160e-04,-3.591396103506050430e-02,0.000000000000000000e+00,5.661574692621290997e-03,1.789361956836030276e-03,0.000000000000000000e+00
-6.704566991375081331e-03,1.439650939836752297e+00,1.800000000000000000e+02,8.473235867709682720e-04,-3.555608864369336208e-02,0.000000000000000000e+00,5.661574692621290997e-03,1.789361956836030276e-03,0.000000000000000000e+00
-6.421870780168464216e-03,1.432575509347150167e+00,1.800000000000000000e+02,1.979638525295220226e-03,-3.519821625232621987e-02,0.000000000000000000e+00,5.661574692621290997e-03,1.789361956836030276e-03,0.000000000000000000e+00
-5.912711581256997577e-03,1.425571653335821809e+00,1.800000000000000000e+02,3.111953463819472181e-03,-3.484034386095896663e-02,0.000000000000000000e+00,-8.189351220577559569e-04,9.168511542357621336e-03,0.000000000000000000e+00
-5.306699590934261385e-03,1.418786954794477140e+00,1.800000000000000000e+02,2.948166439407922269e-03,-3.300664155248740628e-02,0.000000000000000000e+00,-8.189351220577559569e-04,9.168511542357621336e-03,0.000000000000000000e+00
-4.733445005493834741e-03,1.412368996714826741e+00,1.800000000000000000e+02,2.784379414996371923e-03,-3.117293924401600552e-02,0.000000000000000000e+00,-8.189351220577559569e-04,9.168511542357621336e-03,0.000000000000000000e+00
-4.192947824935718514e-03,1.406317779096870613e+00,1.800000000000000000e+02,2.620592390584821577e-03,-2.933923693554443130e-02,0.000000000000000000e+00,-8.189351220577559569e-04,9.168511542357621336e-03,0.000000000000000000e+00
-3.685208049259895355e-03,1.400633301940608977e+00,1.800000000000000000e+02,2.456805366173266027e-03,-2.750553462707287788e-02,0.000000000000000000e+00,-8.189351220577559569e-04,9.168511542357621336e-03,0.000000000000000000e+00
-3.210225678466399959e-03,1.395315565246041611e+00,1.800000000000000000e+02,2.293018341761715248e-03,-2.567183231860128978e-02,0.000000000000000000e+00,-8.189351220577559569e-04,9.168511542357621336e-03,0.000000000000000000e+00
-2.768000712555214113e-03,1.390364569013168516e+00,1.800000000000000000e+02,2.129231317350164902e-03,-2.383813001012984045e-02,0.000000000000000000e+00,-8.189351220577559569e-04,9.168511542357621336e-03,0.000000000000000000e+00
-2.358533151526338249e-03,1.385780313241989692e+00,1.800000000000000000e+02,1.965444292938614557e-03,-2.200442770165830786e-02,0.000000000000000000e+00,-8.189351220577559569e-04,9.168511542357621336e-03,0.000000000000000000e+00
-1.981822995379772800e-03,1.381562797932505138e+00,1.800000000000000000e+02,1.801657268527064428e-03,-2.017072539318678914e-02,0.000000000000000000e+00,-8.189351220577559569e-04,9.168511542357621336e-03,0.000000000000000000e+00
-1.637870244115516467e-03,1.377712023084715076e+00,1.800000000000000000e+02,1.637870244115514299e-03,-1.833702308471524267e-02,0.000000000000000000e+00,-8.189351220577559569e-04,9.168511542357621336e-03,0.000000000000000000e+00
-1.326674897733560359e-03,1.374227988698619063e+00,1.800000000000000000e+02,1.474083219703958315e-03,-1.650332077624372396e-02,0.000000000000000000e+00,-8.189351220577559569e-04,9.168511542357621336e-03,0.000000000000000000e+00
-1.048236956233925075e-03,1.371110694774217320e+00,1.800000000000000000e+02,1.310296195292408187e-03,-1.466961846777217748e-02,0.000000000000000000e+00,-8.189351220577559569e-04,9.168511542357621336e-03,0.000000000000000000e+00
-8.025564196165999899e-04,1.368360141311510514e+00,1.800000000000000000e+02,1.146509170880857624e-03,-1.283591615930065877e-02,0.000000000000000000e+00,-8.189351220577559569e-04,9.168511542357621336e-03,0.000000000000000000e+00
-5.896332878815845622e-04,1.365976328310497090e+00,1.800000000000000000e+02,9.827221464693072783e-04,-1.100221385082914005e-02,0.000000000000000000e+00,-8.189351220577559569e-04,9.168511542357621336e-03,0.000000000000000000e+00
-4.094675610288792795e-04,1.363959255771178603e+00,1.800000000000000000e+02,8.189351220577571495e-04,-9.168511542357649091e-03,0.000000000000000000e+00,-8.189351220577559569e-04,9.168511542357621336e-03,0.000000000000000000e+00
-2.620592390584833287e-04,1.362308923693554163e+00,1.800000000000000000e+02,6.551480976462068038e-04,-7.334809233886074864e-03,0.000000000000000000e+00,-8.189351220577559569e-04,9.168511542357621336e-03,0.000000000000000000e+00
-1.474083219703946498e-04,1.361025332077623995e+00,1.800000000000000000e+02,4.913610732346509287e-04,-5.501106925414500637e-03,0.000000000000000000e+00,-8.189351220577559569e-04,9.168511542357621336e-03,0.000000000000000000e+00
-6.551480976461984283e-05,1.360108480923388319e+00,1.800000000000000000e+02,3.275740488231006372e-04,-3.667404616942981921e-03,0.000000000000000000e+00,-8.189351220577559569e-04,9.168511542357621336e-03,0.000000000000000000e+00
-1.637870244115496071e-05,1.359558370230847135e+00,1.800000000000000000e+02,1.637870244115503186e-04,-1.833702308471574227e-03,0.000000000000000000e+00,-8.189351220577559569e-04,9.168511542357621336e-03,0.000000000000000000e+00
0.000000000000000000e+00,1.359374999999999778e+00,1.800000000000000000e+02,0.000000000000000000e+00,0.000000000000000000e+00,0.000000000000000000e+00,0.000000000000000000e+00,0.000000000000000000e+00,0.000000000000000000e+00
