-9.062499999999999375e-03,4.531250000000000555e-01,1.800000000000000000e+02,0.000000000000000000e+00,0.000000000000000000e+00,0.000000000000000000e+00,-1.020810599422399684e-02,6.738150765526952635e-03,0.000000000000000000e+00
-9.266662119884477508e-03,4.532597630153105683e-01,1.800000000000000000e+02,-2.041621198844798674e-03,1.347630153105384976e-03,0.000000000000000000e+00,-1.020810599422399684e-02,6.738150765526952635e-03,0.000000000000000000e+00
-9.879148479537918845e-03,4.536640520612422178e-01,1.800000000000000000e+02,-4.083242397689598215e-03,2.695260306210783829e-03,0.000000000000000000e+00,-1.020810599422399684e-02,6.738150765526952635e-03,0.000000000000000000e+00
-1.089995907896031992e-02,4.543378671377949485e-01,1.800000000000000000e+02,-6.124863596534397756e-03,4.042890459316168805e-03,0.000000000000000000e+00,-1.020810599422399684e-02,6.738150765526952635e-03,0.000000000000000000e+00
-1.232909391815167725e-02,4.552812082449686493e-01,1.800000000000000000e+02,-8.166484795379196429e-03,5.390520612421553781e-03,0.000000000000000000e+00,-1.020810599422399684e-02,6.738150765526952635e-03,0.000000000000000000e+00
-1.416655299711199606e-02,4.564940753827635422e-01,1.800000000000000000e+02,-1.020810599422399684e-02,6.738150765526945696e-03,0.000000000000000000e+00,-1.020810599422399684e-02,6.738150765526952635e-03,0.000000000000000000e+00
-1.641233631584127634e-02,4.579764685511794053e-01,1.800000000000000000e+02,-1.224972719306879551e-02,8.085780918632351488e-03,0.000000000000000000e+00,-1.020810599422399684e-02,6.738150765526952635e-03,0.000000000000000000e+00
-1.906644387433951288e-02,4.597283877502164606e-01,1.800000000000000000e+02,-1.429134839191359418e-02,9.433411071737750342e-03,0.000000000000000000e+00,-1.020810599422399684e-02,6.738150765526952635e-03,0.000000000000000000e+00
-2.212887567260671262e-02,4.617498329798745416e-01,1.800000000000000000e+02,-1.633296959075839286e-02,1.078104122484312144e-02,0.000000000000000000e+00,-1.020810599422399684e-02,6.738150765526952635e-03,0.000000000000000000e+00
-2.559963171064287210e-02,4.640408042401536481e-01,1.800000000000000000e+02,-1.837459078960319500e-02,1.212867137794851335e-02,0.000000000000000000e+00,-1.020810599422399684e-02,6.738150765526952635e-03,0.000000000000000000e+00
-2.947871198844798785e-02,4.666013015310538359e-01,1.800000000000000000e+02,-2.041621198844799367e-02,1.347630153105391915e-02,0.000000000000000000e+00,-1.020810599422399684e-02,6.738150765526952635e-03,0.000000000000000000e+00
-3.376611650602207026e-02,4.694313248525752713e-01,1.800000000000000000e+02,-2.245783318729279582e-02,1.482393168415929718e-02,0.000000000000000000e+00,-1.020810599422399684e-02,6.738150765526952635e-03,0.000000000000000000e+00
-3.846184526336510201e-02,4.725308742047176769e-01,1.800000000000000000e+02,-2.449945438613759102e-02,1.617156183726467522e-02,0.000000000000000000e+00,-1.020810599422399684e-02,6.738150765526952635e-03,0.000000000000000000e+00
-4.356589826047710390e-02,4.758999495874811636e-01,1.800000000000000000e+02,-2.654107558498238970e-02,1.751919199037006714e-02,0.000000000000000000e+00,-1.020810599422399684e-02,6.738150765526952635e-03,0.000000000000000000e+00
-4.907827549735806205e-02,4.795385510008657315e-01,1.800000000000000000e+02,-2.858269678382718837e-02,1.886682214347547293e-02,0.000000000000000000e+00,-1.020810599422399684e-02,6.738150765526952635e-03,0.000000000000000000e+00
-5.499897697400799035e-02,4.834466784448713250e-01,1.800000000000000000e+02,-3.062431798267198704e-02,2.021445229658086484e-02,0.000000000000000000e+00,-1.020810599422399684e-02,6.738150765526952635e-03,0.000000000000000000e+00
-6.132800269042685409e-02,4.876243319194980552e-01,1.800000000000000000e+02,-3.266593918151678572e-02,2.156208244968625676e-02,0.000000000000000000e+00,-1.020810599422399684e-02,6.738150765526952635e-03,0.000000000000000000e+00
-6.806535264661470186e-02,4.920715114247459221e-01,1.800000000000000000e+02,-3.470756038036158786e-02,2.290971260279162092e-02,0.000000000000000000e+00,-1.020810599422399684e-02,6.738150765526952635e-03,0.000000000000000000e+00
-7.521102684257148507e-02,4.967882169606147036e-01,1.800000000000000000e+02,-3.674918157920639000e-02,2.425734275589704059e-02,0.000000000000000000e+00,-1.020810599422399684e-02,6.738150765526952635e-03,0.000000000000000000e+00
-8.276502527829725231e-02,5.017744485271046218e-01,1.800000000000000000e+02,-3.879080277805118521e-02,2.560497290900243250e-02,0.000000000000000000e+00,-3.594112802500597226e-04,6.390388219638602763e-03,0.000000000000000000e+00
-9.053037405951248895e-02,5.070232508732979149e-01,1.800000000000000000e+02,-3.886268503410120201e-02,2.688305055293013432e-02,0.000000000000000000e+00,-3.594112802500597226e-04,6.390388219638602763e-03,0.000000000000000000e+00
-9.831009929193773589e-02,5.125276687482767102e-01,1.800000000000000000e+02,-3.893456729015121187e-02,2.816112819685786736e-02,0.000000000000000000e+00,-3.594112802500597226e-04,6.390388219638602763e-03,0.000000000000000000e+00
-1.061042009755729792e-01,5.182877021520410077e-01,1.800000000000000000e+02,-3.900644954620122173e-02,2.943920584078557959e-02,0.000000000000000000e+00,-3.594112802500597226e-04,6.390388219638602763e-03,0.000000000000000000e+00
-1.139126791104182052e-01,5.243033510845909184e-01,1.800000000000000000e+02,-3.907833180225123160e-02,3.071728348471329528e-02,0.000000000000000000e+00,-3.594112802500597226e-04,6.390388219638602763e-03,0.000000000000000000e+00
-1.217355336964734414e-01,5.305746155459264424e-01,1.800000000000000000e+02,-3.915021405830124840e-02,3.199536112864101445e-02,0.000000000000000000e+00,-3.594112802500597226e-04,6.390388219638602763e-03,0.000000000000000000e+00
-1.295727647337387434e-01,5.371014955360473575e-01,1.800000000000000000e+02,-3.922209631435125826e-02,3.327343877256874749e-02,0.000000000000000000e+00,-3.594112802500597226e-04,6.390388219638602763e-03,0.000000000000000000e+00
-1.374243722222139585e-01,5.438839910549538859e-01,1.800000000000000000e+02,-3.929397857040127506e-02,3.455151641649648053e-02,0.000000000000000000e+00,-3.594112802500597226e-04,6.390388219638602763e-03,0.000000000000000000e+00
-1.452903561618992256e-01,5.509221021026459164e-01,1.800000000000000000e+02,-3.936586082645127799e-02,3.582959406042418582e-02,0.000000000000000000e+00,-3.594112802500597226e-04,6.390388219638602763e-03,0.000000000000000000e+00
-1.531707165527944614e-01,5.582158286791235602e-01,1.800000000000000000e+02,-3.943774308250129479e-02,3.710767170435190498e-02,0.000000000000000000e+00,-3.594112802500597226e-04,6.390388219638602763e-03,0.000000000000000000e+00
-1.610654533948997491e-01,5.657651707843867062e-01,1.800000000000000000e+02,-3.950962533855130465e-02,3.838574934827962415e-02,0.000000000000000000e+00,-3.594112802500597226e-04,6.390388219638602763e-03,0.000000000000000000e+00
-1.689745666882150055e-01,5.735701284184353543e-01,1.800000000000000000e+02,-3.958150759460132145e-02,3.966382699220735719e-02,0.000000000000000000e+00,-3.594112802500597226e-04,6.390388219638602763e-03,0.000000000000000000e+00
-1.768980564327402583e-01,5.816307015812696157e-01,1.800000000000000000e+02,-3.965338985065132438e-02,4.094190463613506248e-02,0.000000000000000000e+00,-3.594112802500597226e-04,6.390388219638602763e-03,0.000000000000000000e+00
-1.848359226284755352e-01,5.899468902728893793e-01,1.800000000000000000e+02,-3.972527210670134118e-02,4.221998228006279552e-02,0.000000000000000000e+00,-3.594112802500597226e-04,6.390388219638602763e-03,0.000000000000000000e+00
-1.927881652754208086e-01,5.985186944932947561e-01,1.800000000000000000e+02,-3.979715436275135798e-02,4.349805992399052856e-02,0.000000000000000000e+00,-3.594112802500597226e-04,6.390388219638602763e-03,0.000000000000000000e+00
-2.007547843735760784e-01,6.073461142424856352e-01,1.800000000000000000e+02,-3.986903661880136784e-02,4.477613756791823385e-02,0.000000000000000000e+00,-3.594112802500597226e-04,6.390388219638602763e-03,0.000000000000000000e+00
-2.087357799229413446e-01,6.164291495204620164e-01,1.800000000000000000e+02,-3.994091887485137077e-02,4.605421521184595302e-02,0.000000000000000000e+00,-3.594112802500597226e-04,6.390388219638602763e-03,0.000000000000000000e+00
-2.167311519235166073e-01,6.257678003272240108e-01,1.800000000000000000e+02,-4.001280113090138063e-02,4.733229285577367218e-02,0.000000000000000000e+00,-3.594112802500597226e-04,6.390388219638602763e-03,0.000000000000000000e+00
-2.247409003753019219e-01,6.353620666627715075e-01,1.800000000000000000e+02,-4.008468338695140437e-02,4.861037049970140522e-02,0.000000000000000000e+00,-3.594112802500597226e-04,6.390388219638602763e-03,0.000000000000000000e+00
-2.327650252782971774e-01,6.452119485271046173e-01,1.800000000000000000e+02,-4.015656564300140730e-02,4.988844814362911051e-02,0.000000000000000000e+00,3.381601107233643544e-03,2.237424849591940212e-03,0.000000000000000000e+00
-2.407287063847528275e-01,6.552343866528222982e-01,1.800000000000000000e+02,-3.948024542155467720e-02,5.033593311354749023e-02,0.000000000000000000e+00,3.381601107233643544e-03,2.237424849591940212e-03,0.000000000000000000e+00
-2.485571234469190205e-01,6.653463217725236190e-01,1.800000000000000000e+02,-3.880392520010796098e-02,5.078341808346589770e-02,0.000000000000000000e+00,3.381601107233643544e-03,2.237424849591940212e-03,0.000000000000000000e+00
-2.562502764647959785e-01,6.755477538862085796e-01,1.800000000000000000e+02,-3.812760497866123088e-02,5.123090305338427741e-02,0.000000000000000000e+00,3.381601107233643544e-03,2.237424849591940212e-03,0.000000000000000000e+00
-2.638081654383835906e-01,6.858386829938774021e-01,1.800000000000000000e+02,-3.745128475721450079e-02,5.167838802330267794e-02,0.000000000000000000e+00,3.381601107233643544e-03,2.237424849591940212e-03,0.000000000000000000e+00
-2.712307903676817733e-01,6.962191090955296424e-01,1.800000000000000000e+02,-3.677496453576777069e-02,5.212587299322105072e-02,0.000000000000000000e+00,3.381601107233643544e-03,2.237424849591940212e-03,0.000000000000000000e+00
-2.785181512526906378e-01,7.066890321911656336e-01,1.800000000000000000e+02,-3.609864431432104059e-02,5.257335796313943044e-02,0.000000000000000000e+00,3.381601107233643544e-03,2.237424849591940212e-03,0.000000000000000000e+00
-2.856702480934101285e-01,7.172484522807853757e-01,1.800000000000000000e+02,-3.542232409287431050e-02,5.302084293305782403e-02,0.000000000000000000e+00,3.381601107233643544e-03,2.237424849591940212e-03,0.000000000000000000e+00
-2.926870808898403564e-01,7.278973693643887577e-01,1.800000000000000000e+02,-3.474600387142758040e-02,5.346832790297620375e-02,0.000000000000000000e+00,3.381601107233643544e-03,2.237424849591940212e-03,0.000000000000000000e+00
-2.995686496419812661e-01,7.386357834419760016e-01,1.800000000000000000e+02,-3.406968364998085030e-02,5.391581287289461122e-02,0.000000000000000000e+00,3.381601107233643544e-03,2.237424849591940212e-03,0.000000000000000000e+00
-3.063149543498326910e-01,7.494636945135466632e-01,1.800000000000000000e+02,-3.339336342853413409e-02,5.436329784281300481e-02,0.000000000000000000e+00,3.381601107233643544e-03,2.237424849591940212e-03,0.000000000000000000e+00
-3.129259950133949086e-01,7.603811025791011868e-01,1.800000000000000000e+02,-3.271704320708740399e-02,5.481078281273138453e-02,0.000000000000000000e+00,3.381601107233643544e-03,2.237424849591940212e-03,0.000000000000000000e+00
-3.194017716326676970e-01,7.713880076386392393e-01,1.800000000000000000e+02,-3.204072298564066695e-02,5.525826778264975037e-02,0.000000000000000000e+00,3.381601107233643544e-03,2.237424849591940212e-03,0.000000000000000000e+00
-3.257422842076511116e-01,7.824844096921609315e-01,1.800000000000000000e+02,-3.136440276419393686e-02,5.570575275256815784e-02,0.000000000000000000e+00,3.381601107233643544e-03,2.237424849591940212e-03,0.000000000000000000e+00
-3.319475327383452634e-01,7.936703087396664857e-01,1.800000000000000000e+02,-3.068808254274721370e-02,5.615323772248653755e-02,0.000000000000000000e+00,3.381601107233643544e-03,2.237424849591940212e-03,0.000000000000000000e+00
-3.380175172247499860e-01,8.049457047811555688e-01,1.800000000000000000e+02,-3.001176232130049054e-02,5.660072269240490339e-02,0.000000000000000000e+00,3.381601107233643544e-03,2.237424849591940212e-03,0.000000000000000000e+00
-3.439522376668654458e-01,8.163105978166284027e-01,1.800000000000000000e+02,-2.933544209985375351e-02,5.704820766232329698e-02,0.000000000000000000e+00,3.381601107233643544e-03,2.237424849591940212e-03,0.000000000000000000e+00
-3.497516940646915318e-01,8.277649878460848765e-01,1.800000000000000000e+02,-2.865912187840703729e-02,5.749569263224169058e-02,0.000000000000000000e+00,3.381601107233643544e-03,2.237424849591940212e-03,0.000000000000000000e+00
-3.554158864182282995e-01,8.393088748695249901e-01,1.800000000000000000e+02,-2.798280165696030719e-02,5.794317760216011193e-02,0.000000000000000000e+00,3.381601107233643544e-03,2.237424849591940212e-03,0.000000000000000000e+00
-3.609448147274756380e-01,8.509422588869489656e-01,1.800000000000000000e+02,-2.730648143551356322e-02,5.839066257207845001e-02,0.000000000000000000e+00,9.070775780251314618e-03,-1.050656143252406971e-03,0.000000000000000000e+00
-3.662246954989733516e-01,8.625993782784996400e-01,1.800000000000000000e+02,-2.549232627946329544e-02,5.818053134342798804e-02,0.000000000000000000e+00,9.070775780251314618e-03,-1.050656143252406971e-03,0.000000000000000000e+00
-3.711417452392609118e-01,8.742144714243200720e-01,1.800000000000000000e+02,-2.367817112341304847e-02,5.797040011477750526e-02,0.000000000000000000e+00,9.070775780251314618e-03,-1.050656143252406971e-03,0.000000000000000000e+00
-3.756959639483385405e-01,8.857875383244105949e-01,1.800000000000000000e+02,-2.186401596736278069e-02,5.776026888612703636e-02,0.000000000000000000e+00,9.070775780251314618e-03,-1.050656143252406971e-03,0.000000000000000000e+00
-3.798873516262060712e-01,8.973185789787709865e-01,1.800000000000000000e+02,-2.004986081131253026e-02,5.755013765747654664e-02,0.000000000000000000e+00,9.070775780251314618e-03,-1.050656143252406971e-03,0.000000000000000000e+00
-3.837159082728635040e-01,9.088075933874012469e-01,1.800000000000000000e+02,-1.823570565526226595e-02,5.734000642882607079e-02,0.000000000000000000e+00,9.070775780251314618e-03,-1.050656143252406971e-03,0.000000000000000000e+00
-3.871816338883110054e-01,9.202545815503014870e-01,1.800000000000000000e+02,-1.642155049921199123e-02,5.712987520017558107e-02,0.000000000000000000e+00,9.070775780251314618e-03,-1.050656143252406971e-03,0.000000000000000000e+00
-3.902845284725483532e-01,9.316595434674714848e-01,1.800000000000000000e+02,-1.460739534316173732e-02,5.691974397152510523e-02,0.000000000000000000e+00,9.070775780251314618e-03,-1.050656143252406971e-03,0.000000000000000000e+00
-3.930245920255756586e-01,9.430224791389114625e-01,1.800000000000000000e+02,-1.279324018711147301e-02,5.670961274287461551e-02,0.000000000000000000e+00,9.070775780251314618e-03,-1.050656143252406971e-03,0.000000000000000000e+00
-3.954018245473929216e-01,9.543433885646213088e-01,1.800000000000000000e+02,-1.097908503106120176e-02,5.649948151422413967e-02,0.000000000000000000e+00,9.070775780251314618e-03,-1.050656143252406971e-03,0.000000000000000000e+00
-3.974162260380001421e-01,9.656222717446011350e-01,1.800000000000000000e+02,-9.164929875010961735e-03,5.628935028557369158e-02,0.000000000000000000e+00,9.070775780251314618e-03,-1.050656143252406971e-03,0.000000000000000000e+00
-3.990677964973973202e-01,9.768591286788508299e-01,1.800000000000000000e+02,-7.350774718960693954e-03,5.607921905692321574e-02,0.000000000000000000e+00,9.070775780251314618e-03,-1.050656143252406971e-03,0.000000000000000000e+00
-4.003565359255844003e-01,9.880539593673705046e-01,1.800000000000000000e+02,-5.536619562910412295e-03,5.586908782827271214e-02,0.000000000000000000e+00,9.070775780251314618e-03,-1.050656143252406971e-03,0.000000000000000000e+00
-4.012824443225614379e-01,9.992067638101598259e-01,1.800000000000000000e+02,-3.722464406860165331e-03,5.565895659962222242e-02,0.000000000000000000e+00,9.070775780251314618e-03,-1.050656143252406971e-03,0.000000000000000000e+00
-4.018455216883285441e-01,1.010317542007219238e+00,1.800000000000000000e+02,-1.908309250809883673e-03,5.544882537097176045e-02,0.000000000000000000e+00,9.070775780251314618e-03,-1.050656143252406971e-03,0.000000000000000000e+00
-4.020457680228853858e-01,1.021386293958548519e+00,1.800000000000000000e+02,-9.415409475964364727e-05,5.523869414232127073e-02,0.000000000000000000e+00,9.070775780251314618e-03,-1.050656143252406971e-03,0.000000000000000000e+00
-4.018831833262324071e-01,1.032413019664147669e+00,1.800000000000000000e+02,1.720001061290610256e-03,5.502856291367078101e-02,0.000000000000000000e+00,9.070775780251314618e-03,-1.050656143252406971e-03,0.000000000000000000e+00
-4.013577675983691639e-01,1.043397719124016909e+00,1.800000000000000000e+02,3.534156217340891915e-03,5.481843168502034680e-02,0.000000000000000000e+00,9.070775780251314618e-03,-1.050656143252406971e-03,0.000000000000000000e+00
-4.004695208392959893e-01,1.054340392338155796e+00,1.800000000000000000e+02,5.348311373391131940e-03,5.460830045636985708e-02,0.000000000000000000e+00,9.070775780251314618e-03,-1.050656143252406971e-03,0.000000000000000000e+00
-3.992184430490127722e-01,1.065241039306564774e+00,1.800000000000000000e+02,7.162466529441399721e-03,5.439816922771933960e-02,0.000000000000000000e+00,8.021970852016061665e-03,-8.536834009837471204e-03,0.000000000000000000e+00
-3.976255103260841195e-01,1.075949936471912061e+00,1.800000000000000000e+02,8.766860699844621074e-03,5.269080242575187312e-02,0.000000000000000000e+00,8.021970852016061665e-03,-8.536834009837471204e-03,0.000000000000000000e+00
-3.957116987690748600e-01,1.086317360276865429e+00,1.800000000000000000e+02,1.037125487024783896e-02,5.098343562378435806e-02,0.000000000000000000e+00,8.021970852016061665e-03,-8.536834009837471204e-03,0.000000000000000000e+00
-3.934770083779850491e-01,1.096343310721425546e+00,1.800000000000000000e+02,1.197564904065104643e-02,4.927606882181686382e-02,0.000000000000000000e+00,8.021970852016061665e-03,-8.536834009837471204e-03,0.000000000000000000e+00
-3.909214391528144650e-01,1.106027787805592189e+00,1.800000000000000000e+02,1.358004321105425911e-02,4.756870201984937652e-02,0.000000000000000000e+00,8.021970852016061665e-03,-8.536834009837471204e-03,0.000000000000000000e+00
-3.880449910935632740e-01,1.115370791529365357e+00,1.800000000000000000e+02,1.518443738145747873e-02,4.586133521788188228e-02,0.000000000000000000e+00,8.021970852016061665e-03,-8.536834009837471204e-03,0.000000000000000000e+00
-3.848476642002314763e-01,1.124372321892745052e+00,1.800000000000000000e+02,1.678883155186068621e-02,4.415396841591436028e-02,0.000000000000000000e+00,8.021970852016061665e-03,-8.536834009837471204e-03,0.000000000000000000e+00
-3.813294584728190717e-01,1.133032378895731274e+00,1.800000000000000000e+02,1.839322572226389368e-02,4.244660161394687992e-02,0.000000000000000000e+00,8.021970852016061665e-03,-8.536834009837471204e-03,0.000000000000000000e+00
-3.774903739113258938e-01,1.141350962538324021e+00,1.800000000000000000e+02,1.999761989266712892e-02,4.073923481197937180e-02,0.000000000000000000e+00,8.021970852016061665e-03,-8.536834009837471204e-03,0.000000000000000000e+00
-3.733304105157521646e-01,1.149328072820523072e+00,1.800000000000000000e+02,2.160201406307033639e-02,3.903186801001184980e-02,0.000000000000000000e+00,8.021970852016061665e-03,-8.536834009837471204e-03,0.000000000000000000e+00
-3.688495682860977731e-01,1.156963709742328650e+00,1.800000000000000000e+02,2.320640823347352999e-02,3.732450120804439719e-02,0.000000000000000000e+00,8.021970852016061665e-03,-8.536834009837471204e-03,0.000000000000000000e+00
-3.640478472223627748e-01,1.164257873303740531e+00,1.800000000000000000e+02,2.481080240387673747e-02,3.561713440607691683e-02,0.000000000000000000e+00,8.021970852016061665e-03,-8.536834009837471204e-03,0.000000000000000000e+00
-3.589252473245471142e-01,1.171210563504759383e+00,1.800000000000000000e+02,2.641519657427997270e-02,3.390976760410938096e-02,0.000000000000000000e+00,8.021970852016061665e-03,-8.536834009837471204e-03,0.000000000000000000e+00
-3.534817685926507913e-01,1.177821780345384317e+00,1.800000000000000000e+02,2.801959074468316629e-02,3.220240080214190059e-02,0.000000000000000000e+00,8.021970852016061665e-03,-8.536834009837471204e-03,0.000000000000000000e+00
-3.477174110266738616e-01,1.184091523825615999e+00,1.800000000000000000e+02,2.962398491508638765e-02,3.049503400017436472e-02,0.000000000000000000e+00,8.021970852016061665e-03,-8.536834009837471204e-03,0.000000000000000000e+00
-3.416321746266162140e-01,1.190019793945454207e+00,1.800000000000000000e+02,3.122837908548960206e-02,2.878766719820688436e-02,0.000000000000000000e+00,8.021970852016061665e-03,-8.536834009837471204e-03,0.000000000000000000e+00
-3.352260593924780152e-01,1.195606590704898942e+00,1.800000000000000000e+02,3.283277325589280954e-02,2.708030039623943175e-02,0.000000000000000000e+00,8.021970852016061665e-03,-8.536834009837471204e-03,0.000000000000000000e+00
-3.284990653242591541e-01,1.200851914103949980e+00,1.800000000000000000e+02,3.443716742629601701e-02,2.537293359427195139e-02,0.000000000000000000e+00,8.021970852016061665e-03,-8.536834009837471204e-03,0.000000000000000000e+00
-3.214511924219595196e-01,1.205755764142607767e+00,1.800000000000000000e+02,3.604156159669924531e-02,2.366556679230436000e-02,0.000000000000000000e+00,8.021970852016061665e-03,-8.536834009837471204e-03,0.000000000000000000e+00
-3.140824406855794448e-01,1.210318140820871857e+00,1.800000000000000000e+02,3.764595576710244584e-02,2.195819999033693515e-02,0.000000000000000000e+00,4.346670019158046204e-03,-5.516864626032277896e-03,0.000000000000000000e+00
-3.064663161317758289e-01,1.214599443526418243e+00,1.800000000000000000e+02,3.851528977093405387e-02,2.085482706513048026e-02,0.000000000000000000e+00,4.346670019158046204e-03,-5.516864626032277896e-03,0.000000000000000000e+00
-2.986763247772057372e-01,1.218660071646923804e+00,1.800000000000000000e+02,3.938462377476566190e-02,1.975145413992398374e-02,0.000000000000000000e+00,4.346670019158046204e-03,-5.516864626032277896e-03,0.000000000000000000e+00
-2.907124666218695586e-01,1.222500025182388095e+00,1.800000000000000000e+02,4.025395777859728380e-02,1.864808121471756008e-02,0.000000000000000000e+00,4.346670019158046204e-03,-5.516864626032277896e-03,0.000000000000000000e+00
-2.825747416657669042e-01,1.226119304132810894e+00,1.800000000000000000e+02,4.112329178242887795e-02,1.754470828951111561e-02,0.000000000000000000e+00,4.346670019158046204e-03,-5.516864626032277896e-03,0.000000000000000000e+00
-2.742631499088978853e-01,1.229517908498192647e+00,1.800000000000000000e+02,4.199262578626049291e-02,1.644133536430467113e-02,0.000000000000000000e+00,4.346670019158046204e-03,-5.516864626032277896e-03,0.000000000000000000e+00
-2.657776913512626682e-01,1.232695838278532907e+00,1.800000000000000000e+02,4.286195979009210788e-02,1.533796243909819890e-02,0.000000000000000000e+00,4.346670019158046204e-03,-5.516864626032277896e-03,0.000000000000000000e+00
-2.571183659928611420e-01,1.235653093473831898e+00,1.800000000000000000e+02,4.373129379392370203e-02,1.423458951389175442e-02,0.000000000000000000e+00,4.346670019158046204e-03,-5.516864626032277896e-03,0.000000000000000000e+00
-2.482851738336931402e-01,1.238389674084089620e+00,1.800000000000000000e+02,4.460062779775533781e-02,1.313121658868529607e-02,0.000000000000000000e+00,4.346670019158046204e-03,-5.516864626032277896e-03,0.000000000000000000e+00
-2.392781148737589680e-01,1.240905580109305850e+00,1.800000000000000000e+02,4.546996180158693890e-02,1.202784366347880995e-02,0.000000000000000000e+00,4.346670019158046204e-03,-5.516864626032277896e-03,0.000000000000000000e+00
-2.300971891130584590e-01,1.243200811549481255e+00,1.800000000000000000e+02,4.633929580541853999e-02,1.092447073827243487e-02,0.000000000000000000e+00,4.346670019158046204e-03,-5.516864626032277896e-03,0.000000000000000000e+00
-2.207423965515916686e-01,1.245275368404614946e+00,1.800000000000000000e+02,4.720862980925014801e-02,9.821097813065948756e-03,0.000000000000000000e+00,4.346670019158046204e-03,-5.516864626032277896e-03,0.000000000000000000e+00
-2.112137371893583471e-01,1.247129250674707590e+00,1.800000000000000000e+02,4.807796381308175604e-02,8.717724887859490401e-03,0.000000000000000000e+00,4.346670019158046204e-03,-5.516864626032277896e-03,0.000000000000000000e+00
-2.015112110263588829e-01,1.248762458359758742e+00,1.800000000000000000e+02,4.894729781691336407e-02,7.614351962653032047e-03,0.000000000000000000e+00,4.346670019158046204e-03,-5.516864626032277896e-03,0.000000000000000000e+00
-1.916348180625931097e-01,1.250174991459768847e+00,1.800000000000000000e+02,4.981663182074497209e-02,6.510979037446573692e-03,0.000000000000000000e+00,4.346670019158046204e-03,-5.516864626032277896e-03,0.000000000000000000e+00
-1.815845582980608330e-01,1.251366849974737461e+00,1.800000000000000000e+02,5.068596582457659400e-02,5.407606112240115337e-03,0.000000000000000000e+00,4.346670019158046204e-03,-5.516864626032277896e-03,0.000000000000000000e+00
-1.713604317327624138e-01,1.252338033904664805e+00,1.800000000000000000e+02,5.155529982840818815e-02,4.304233187033712493e-03,0.000000000000000000e+00,4.346670019158046204e-03,-5.516864626032277896e-03,0.000000000000000000e+00
-1.609624383666976855e-01,1.253088543249550657e+00,1.800000000000000000e+02,5.242463383223980311e-02,3.200860261827254138e-03,0.000000000000000000e+00,4.346670019158046204e-03,-5.516864626032277896e-03,0.000000000000000000e+00
-1.503905781998664259e-01,1.253618378009395462e+00,1.800000000000000000e+02,5.329396783607141808e-02,2.097487336620740273e-03,0.000000000000000000e+00,4.346670019158046204e-03,-5.516864626032277896e-03,0.000000000000000000e+00
-1.396448512322690239e-01,1.253927538184198998e+00,1.800000000000000000e+02,5.416330183990301916e-02,9.941144114143374289e-04,0.000000000000000000e+00,6.714342628032481802e-04,-2.496982543296638601e-03,0.000000000000000000e+00
-1.287987621790324111e-01,1.254076421415616149e+00,1.800000000000000000e+02,5.429758869246367747e-02,4.947179027550083208e-04,0.000000000000000000e+00,6.714342628032481802e-04,-2.496982543296638601e-03,0.000000000000000000e+00
-1.179258157552834918e-01,1.254125425345300915e+00,1.800000000000000000e+02,5.443187554502432191e-02,-4.678605904313848374e-06,0.000000000000000000e+00,6.714342628032481802e-04,-2.496982543296638601e-03,0.000000000000000000e+00
-1.070260119610226268e-01,1.254074549973254182e+00,1.800000000000000000e+02,5.456616239758497328e-02,-5.040751145636984676e-04,0.000000000000000000e+00,6.714342628032481802e-04,-2.496982543296638601e-03,0.000000000000000000e+00
-9.609935079624962184e-02,1.253923795299475730e+00,1.800000000000000000e+02,5.470044925014562465e-02,-1.003471623222965126e-03,0.000000000000000000e+00,6.714342628032481802e-04,-2.496982543296638601e-03,0.000000000000000000e+00
-8.514583226096431035e-02,1.253673161323965113e+00,1.800000000000000000e+02,5.483473610270626908e-02,-1.502868131882287295e-03,0.000000000000000000e+00,6.714342628032481802e-04,-2.496982543296638601e-03,0.000000000000000000e+00
-7.416545635516703927e-02,1.253322648046722776e+00,1.800000000000000000e+02,5.496902295526691351e-02,-2.002264640541651097e-03,0.000000000000000000e+00,6.714342628032481802e-04,-2.496982543296638601e-03,0.000000000000000000e+00
-6.315822307885765596e-02,1.252872255467748497e+00,1.800000000000000000e+02,5.510330980782757182e-02,-2.501661149200987144e-03,0.000000000000000000e+00,6.714342628032481802e-04,-2.496982543296638601e-03,0.000000000000000000e+00
-5.212413243203594532e-02,1.252321983587042276e+00,1.800000000000000000e+02,5.523759666038822319e-02,-3.001057657860323191e-03,0.000000000000000000e+00,6.714342628032481802e-04,-2.496982543296638601e-03,0.000000000000000000e+00
-4.106318441470230285e-02,1.251671832404604334e+00,1.800000000000000000e+02,5.537188351294887456e-02,-3.500454166519645360e-03,0.000000000000000000e+00,6.714342628032481802e-04,-2.496982543296638601e-03,0.000000000000000000e+00
-2.997537902685651345e-02,1.250921801920434451e+00,1.800000000000000000e+02,5.550617036550951899e-02,-3.999850675178939774e-03,0.000000000000000000e+00,6.714342628032481802e-04,-2.496982543296638601e-03,0.000000000000000000e+00
-1.886071626849860836e-02,1.250071892134532625e+00,1.800000000000000000e+02,5.564045721807017036e-02,-4.499247183838289699e-03,0.000000000000000000e+00,6.714342628032481802e-04,-2.496982543296638601e-03,0.000000000000000000e+00
-7.719196139628382858e-03,1.249122103046899301e+00,1.800000000000000000e+02,5.577474407063081480e-02,-4.998643692497639623e-03,0.000000000000000000e+00,6.714342628032481802e-04,-2.496982543296638601e-03,0.000000000000000000e+00
3.449181359753791809e-03,1.248072434657533814e+00,1.800000000000000000e+02,5.590903092319146617e-02,-5.498040201156961793e-03,0.000000000000000000e+00,6.714342628032481802e-04,-2.496982543296638601e-03,0.000000000000000000e+00
1.464441622964807871e-02,1.246922886966436383e+00,1.800000000000000000e+02,5.604331777575211060e-02,-5.997436709816311717e-03,0.000000000000000000e+00,6.714342628032481802e-04,-2.496982543296638601e-03,0.000000000000000000e+00
2.586650847005470336e-02,1.245673459973607233e+00,1.800000000000000000e+02,5.617760462831276891e-02,-6.496833218475606131e-03,0.000000000000000000e+00,6.714342628032481802e-04,-2.496982543296638601e-03,0.000000000000000000e+00
3.711545808097325982e-02,1.244324153679046141e+00,1.800000000000000000e+02,5.631189148087341334e-02,-6.996229727134928300e-03,0.000000000000000000e+00,6.714342628032481802e-04,-2.496982543296638601e-03,0.000000000000000000e+00
4.839126506240394587e-02,1.242874968082753107e+00,1.800000000000000000e+02,5.644617833343405777e-02,-7.495626235794305980e-03,0.000000000000000000e+00,6.714342628032481802e-04,-2.496982543296638601e-03,0.000000000000000000e+00
5.969392941434695232e-02,1.241325903184728352e+00,1.800000000000000000e+02,5.658046518599471608e-02,-7.995022744453572638e-03,0.000000000000000000e+00,6.714342628032481802e-04,-2.496982543296638601e-03,0.000000000000000000e+00
7.102345113680190447e-02,1.239676958984971655e+00,1.800000000000000000e+02,5.671475203855536051e-02,-8.494419253112950319e-03,0.000000000000000000e+00,-2.851283778155747767e-03,-8.717238519588554890e-05,0.000000000000000000e+00
8.230937586894980507e-02,1.237976331686645226e+00,1.800000000000000000e+02,5.614449528292421443e-02,-8.511853730152091346e-03,0.000000000000000000e+00,-2.851283778155747767e-03,-8.717238519588554890e-05,0.000000000000000000e+00
9.348124924997165686e-02,1.236272217492910830e+00,1.800000000000000000e+02,5.557423852729306835e-02,-8.529288207191287885e-03,0.000000000000000000e+00,-2.851283778155747767e-03,-8.717238519588554890e-05,0.000000000000000000e+00
1.045390712798670851e-01,1.234564616403768689e+00,1.800000000000000000e+02,5.500398177166191532e-02,-8.546722684230484424e-03,0.000000000000000000e+00,-2.851283778155747767e-03,-8.717238519588554890e-05,0.000000000000000000e+00
1.154828419586362981e-01,1.232853528419218803e+00,1.800000000000000000e+02,5.443372501603076924e-02,-8.564157161269653207e-03,0.000000000000000000e+00,-2.851283778155747767e-03,-8.717238519588554890e-05,0.000000000000000000e+00
1.263125612862794622e-01,1.231138953539260950e+00,1.800000000000000000e+02,5.386346826039961622e-02,-8.581591638308794234e-03,0.000000000000000000e+00,-2.851283778155747767e-03,-8.717238519588554890e-05,0.000000000000000000e+00
1.370282292627962306e-01,1.229420891763895130e+00,1.800000000000000000e+02,5.329321150476847013e-02,-8.599026115348004651e-03,0.000000000000000000e+00,-2.851283778155747767e-03,-8.717238519588554890e-05,0.000000000000000000e+00
1.476298458881867559e-01,1.227699343093121787e+00,1.800000000000000000e+02,5.272295474913732405e-02,-8.616460592387187312e-03,0.000000000000000000e+00,-2.851283778155747767e-03,-8.717238519588554890e-05,0.000000000000000000e+00
1.581174111624512324e-01,1.225974307526940477e+00,1.800000000000000000e+02,5.215269799350617103e-02,-8.633895069426356095e-03,0.000000000000000000e+00,-2.851283778155747767e-03,-8.717238519588554890e-05,0.000000000000000000e+00
1.684909250855892715e-01,1.224245785065351200e+00,1.800000000000000000e+02,5.158244123787501800e-02,-8.651329546465552633e-03,0.000000000000000000e+00,-2.851283778155747767e-03,-8.717238519588554890e-05,0.000000000000000000e+00
1.787503876576010953e-01,1.222513775708354178e+00,1.800000000000000000e+02,5.101218448224387886e-02,-8.668764023504721417e-03,0.000000000000000000e+00,-2.851283778155747767e-03,-8.717238519588554890e-05,0.000000000000000000e+00
1.888957988784867315e-01,1.220778279455949411e+00,1.800000000000000000e+02,5.044192772661272584e-02,-8.686198500543890200e-03,0.000000000000000000e+00,-2.851283778155747767e-03,-8.717238519588554890e-05,0.000000000000000000e+00
1.989271587482462633e-01,1.219039296308136677e+00,1.800000000000000000e+02,4.987167097098156587e-02,-8.703632977583086738e-03,0.000000000000000000e+00,-2.851283778155747767e-03,-8.717238519588554890e-05,0.000000000000000000e+00
2.088444672668794133e-01,1.217296826264915977e+00,1.800000000000000000e+02,4.930141421535041285e-02,-8.721067454622255521e-03,0.000000000000000000e+00,-2.851283778155747767e-03,-8.717238519588554890e-05,0.000000000000000000e+00
2.186477244343862925e-01,1.215550869326287753e+00,1.800000000000000000e+02,4.873115745971927371e-02,-8.738501931661479816e-03,0.000000000000000000e+00,-2.851283778155747767e-03,-8.717238519588554890e-05,0.000000000000000000e+00
2.283369302507671783e-01,1.213801425492251340e+00,1.800000000000000000e+02,4.816090070408811374e-02,-8.755936408700620843e-03,0.000000000000000000e+00,-2.851283778155747767e-03,-8.717238519588554890e-05,0.000000000000000000e+00
2.379120847160216268e-01,1.212048494762807405e+00,1.800000000000000000e+02,4.759064394845696766e-02,-8.773370885739761871e-03,0.000000000000000000e+00,-2.851283778155747767e-03,-8.717238519588554890e-05,0.000000000000000000e+00
2.473731878301498599e-01,1.210292077137955502e+00,1.800000000000000000e+02,4.702038719282581464e-02,-8.790805362778986165e-03,0.000000000000000000e+00,-2.851283778155747767e-03,-8.717238519588554890e-05,0.000000000000000000e+00
2.567202395931520442e-01,1.208532172617695633e+00,1.800000000000000000e+02,4.645013043719466855e-02,-8.808239839818154948e-03,0.000000000000000000e+00,-2.851283778155747767e-03,-8.717238519588554890e-05,0.000000000000000000e+00
2.659532400050277912e-01,1.206768781202028240e+00,1.800000000000000000e+02,4.587987368156351553e-02,-8.825674316857323731e-03,0.000000000000000000e+00,-6.374038308286009841e-03,2.322545872857226246e-03,0.000000000000000000e+00
2.750017339751747447e-01,1.205050097256114006e+00,1.800000000000000000e+02,4.460506601990633230e-02,-8.361165142285874319e-03,0.000000000000000000e+00,-6.374038308286009841e-03,2.322545872857226246e-03,0.000000000000000000e+00
2.837952664129901881e-01,1.203424315145114054e+00,1.800000000000000000e+02,4.333025835824912825e-02,-7.896655967714480417e-03,0.000000000000000000e+00,-6.374038308286009841e-03,2.322545872857226246e-03,0.000000000000000000e+00
2.923338373184742323e-01,1.201891434869028163e+00,1.800000000000000000e+02,4.205545069659193114e-02,-7.432146793142996311e-03,0.000000000000000000e+00,-6.374038308286009841e-03,2.322545872857226246e-03,0.000000000000000000e+00
3.006174466916271548e-01,1.200451456427856778e+00,1.800000000000000000e+02,4.078064303493468545e-02,-6.967637618571581593e-03,0.000000000000000000e+00,-6.374038308286009841e-03,2.322545872857226246e-03,0.000000000000000000e+00
3.086460945324482896e-01,1.199104379821599675e+00,1.800000000000000000e+02,3.950583537327750916e-02,-6.503128444000069730e-03,0.000000000000000000e+00,-6.374038308286009841e-03,2.322545872857226246e-03,0.000000000000000000e+00
3.164197808409380808e-01,1.197850205050256633e+00,1.800000000000000000e+02,3.823102771162030511e-02,-6.038619269428668890e-03,0.000000000000000000e+00,-6.374038308286009841e-03,2.322545872857226246e-03,0.000000000000000000e+00
3.239385056170964172e-01,1.196688932113828097e+00,1.800000000000000000e+02,3.695622004996310800e-02,-5.574110094857198661e-03,0.000000000000000000e+00,-6.374038308286009841e-03,2.322545872857226246e-03,0.000000000000000000e+00
3.312022688609232435e-01,1.195620561012313621e+00,1.800000000000000000e+02,3.568141238830591783e-02,-5.109600920285756187e-03,0.000000000000000000e+00,-6.374038308286009841e-03,2.322545872857226246e-03,0.000000000000000000e+00
3.382110705724187261e-01,1.194645091745713872e+00,1.800000000000000000e+02,3.440660472664872072e-02,-4.645091745714313713e-03,0.000000000000000000e+00,-6.374038308286009841e-03,2.322545872857226246e-03,0.000000000000000000e+00
3.449649107515829205e-01,1.193762524314028184e+00,1.800000000000000000e+02,3.313179706499148197e-02,-4.180582571142871240e-03,0.000000000000000000e+00,-6.374038308286009841e-03,2.322545872857226246e-03,0.000000000000000000e+00
3.514637893984153827e-01,1.192972858717256557e+00,1.800000000000000000e+02,3.185698940333428486e-02,-3.716073396571428766e-03,0.000000000000000000e+00,-6.374038308286009841e-03,2.322545872857226246e-03,0.000000000000000000e+00
3.577077065129165567e-01,1.192276094955399657e+00,1.800000000000000000e+02,3.058218174167708081e-02,-3.251564221999986293e-03,0.000000000000000000e+00,-6.374038308286009841e-03,2.322545872857226246e-03,0.000000000000000000e+00
3.636966620950862206e-01,1.191672233028456596e+00,1.800000000000000000e+02,2.930737408001989064e-02,-2.787055047428516064e-03,0.000000000000000000e+00,-6.374038308286009841e-03,2.322545872857226246e-03,0.000000000000000000e+00
3.694306561449244297e-01,1.191161272936428039e+00,1.800000000000000000e+02,2.803256641836268659e-02,-2.322545872857073590e-03,0.000000000000000000e+00,-6.374038308286009841e-03,2.322545872857226246e-03,0.000000000000000000e+00
3.749096886624312397e-01,1.190743214679313766e+00,1.800000000000000000e+02,2.675775875670551029e-02,-1.858036698285603361e-03,0.000000000000000000e+00,-6.374038308286009841e-03,2.322545872857226246e-03,0.000000000000000000e+00
3.801337596476067615e-01,1.190418058257113776e+00,1.800000000000000000e+02,2.548295109504827849e-02,-1.393527523714133132e-03,0.000000000000000000e+00,-6.374038308286009841e-03,2.322545872857226246e-03,0.000000000000000000e+00
3.851028691004506621e-01,1.190185803669828069e+00,1.800000000000000000e+02,2.420814343339107444e-02,-9.290183491427184137e-04,0.000000000000000000e+00,-6.374038308286009841e-03,2.322545872857226246e-03,0.000000000000000000e+00
3.898170170209631635e-01,1.190046450917456644e+00,1.800000000000000000e+02,2.293333577173385651e-02,-4.645091745713036957e-04,0.000000000000000000e+00,-6.374038308286009841e-03,2.322545872857226246e-03,0.000000000000000000e+00
3.942762034091441548e-01,1.189999999999999503e+00,1.800000000000000000e+02,2.165852811007668022e-02,1.665334536937734811e-16,0.000000000000000000e+00,-4.136883733184992806e-03,-9.825142122453806026e-03,0.000000000000000000e+00
3.985251713564957887e-01,1.189803497157550627e+00,1.800000000000000000e+02,2.083115136343968374e-02,-1.965028424490596060e-03,0.000000000000000000e+00,-4.136883733184992806e-03,-9.825142122453806026e-03,0.000000000000000000e+00
4.026086639545199963e-01,1.189213988630203334e+00,1.800000000000000000e+02,2.000377461680267338e-02,-3.930056848981386408e-03,0.000000000000000000e+00,-4.136883733184992806e-03,-9.825142122453806026e-03,0.000000000000000000e+00
4.065266812032168331e-01,1.188231474417958067e+00,1.800000000000000000e+02,1.917639787016569425e-02,-5.895085273472086551e-03,0.000000000000000000e+00,-4.136883733184992806e-03,-9.825142122453806026e-03,0.000000000000000000e+00
4.102792231025864100e-01,1.186855954520814382e+00,1.800000000000000000e+02,1.834902112352867348e-02,-7.860113697962925472e-03,0.000000000000000000e+00,-4.136883733184992806e-03,-9.825142122453806026e-03,0.000000000000000000e+00
4.138662896526283386e-01,1.185087428938772947e+00,1.800000000000000000e+02,1.752164437689168741e-02,-9.825142122453625615e-03,0.000000000000000000e+00,-4.136883733184992806e-03,-9.825142122453806026e-03,0.000000000000000000e+00
4.172878808533430073e-01,1.182925897671833093e+00,1.800000000000000000e+02,1.669426763025469440e-02,-1.179017054694439515e-02,0.000000000000000000e+00,-4.136883733184992806e-03,-9.825142122453806026e-03,0.000000000000000000e+00
4.205439967047302496e-01,1.180371360719995266e+00,1.800000000000000000e+02,1.586689088361769098e-02,-1.375519897143516468e-02,0.000000000000000000e+00,-4.136883733184992806e-03,-9.825142122453806026e-03,0.000000000000000000e+00
4.236346372067900101e-01,1.177423818083259022e+00,1.800000000000000000e+02,1.503951413698070144e-02,-1.572022739592590646e-02,0.000000000000000000e+00,-4.136883733184992806e-03,-9.825142122453806026e-03,0.000000000000000000e+00
4.265598023595224553e-01,1.174083269761624804e+00,1.800000000000000000e+02,1.421213739034370843e-02,-1.768525582041666211e-02,0.000000000000000000e+00,-4.136883733184992806e-03,-9.825142122453806026e-03,0.000000000000000000e+00
4.293194921629275851e-01,1.170349715755092390e+00,1.800000000000000000e+02,1.338476064370669461e-02,-1.965028424490747327e-02,0.000000000000000000e+00,-4.136883733184992806e-03,-9.825142122453806026e-03,0.000000000000000000e+00
4.319137066170051775e-01,1.166223156063661781e+00,1.800000000000000000e+02,1.255738389706968772e-02,-2.161531266939822893e-02,0.000000000000000000e+00,-4.136883733184992806e-03,-9.825142122453806026e-03,0.000000000000000000e+00
4.343424457217554546e-01,1.161703590687333199e+00,1.800000000000000000e+02,1.173000715043269471e-02,-2.358034109388898458e-02,0.000000000000000000e+00,-4.136883733184992806e-03,-9.825142122453806026e-03,0.000000000000000000e+00
4.366057094771782499e-01,1.156791019626106198e+00,1.800000000000000000e+02,1.090263040379570170e-02,-2.554536951837974024e-02,0.000000000000000000e+00,-4.136883733184992806e-03,-9.825142122453806026e-03,0.000000000000000000e+00
4.387034978832736187e-01,1.151485442879981225e+00,1.800000000000000000e+02,1.007525365715870869e-02,-2.751039794287049589e-02,0.000000000000000000e+00,-4.136883733184992806e-03,-9.825142122453806026e-03,0.000000000000000000e+00
4.406358109400416723e-01,1.145786860448958056e+00,1.800000000000000000e+02,9.247876910521729554e-03,-2.947542636736122379e-02,0.000000000000000000e+00,-4.136883733184992806e-03,-9.825142122453806026e-03,0.000000000000000000e+00
4.424026486474823550e-01,1.139695272333036691e+00,1.800000000000000000e+02,8.420500163884694911e-03,-3.144045479185203495e-02,0.000000000000000000e+00,-4.136883733184992806e-03,-9.825142122453806026e-03,0.000000000000000000e+00
4.440040110055956668e-01,1.133210678532217131e+00,1.800000000000000000e+02,7.593123417247729656e-03,-3.340548321634276285e-02,0.000000000000000000e+00,-4.136883733184992806e-03,-9.825142122453806026e-03,0.000000000000000000e+00
4.454398980143814413e-01,1.126333079046499597e+00,1.800000000000000000e+02,6.765746670610708891e-03,-3.537051164083360177e-02,0.000000000000000000e+00,-4.136883733184992806e-03,-9.825142122453806026e-03,0.000000000000000000e+00
4.467103096738399004e-01,1.119062473875883867e+00,1.800000000000000000e+02,5.938369923973715880e-03,-3.733554006532430192e-02,0.000000000000000000e+00,-1.899862759036703708e-03,7.236597293625024463e-09,0.000000000000000000e+00
4.478599864034539246e-01,1.111595366007550822e+00,1.800000000000000000e+02,5.558397372166391098e-03,-3.733553861800486401e-02,0.000000000000000000e+00,-1.899862759036703708e-03,7.236597293625024463e-09,0.000000000000000000e+00
4.489336686227064499e-01,1.104128258428682008e+00,1.800000000000000000e+02,5.178424820359024683e-03,-3.733553717068539834e-02,0.000000000000000000e+00,-1.899862759036703708e-03,7.236597293625024463e-09,0.000000000000000000e+00
4.499313563315975317e-01,1.096661151139276758e+00,1.800000000000000000e+02,4.798452268551686023e-03,-3.733553572336596044e-02,0.000000000000000000e+00,-1.899862759036703708e-03,7.236597293625024463e-09,0.000000000000000000e+00
4.508530495301271146e-01,1.089194044139335293e+00,1.800000000000000000e+02,4.418479716744347363e-03,-3.733553427604649477e-02,0.000000000000000000e+00,-1.899862759036703708e-03,7.236597293625024463e-09,0.000000000000000000e+00
4.516987482182952540e-01,1.081726937428858060e+00,1.800000000000000000e+02,4.038507164937019112e-03,-3.733553282872699441e-02,0.000000000000000000e+00,-1.899862759036703708e-03,7.236597293625024463e-09,0.000000000000000000e+00
4.524684523961018945e-01,1.074259831007844612e+00,1.800000000000000000e+02,3.658534613129663104e-03,-3.733553138140756344e-02,0.000000000000000000e+00,-1.899862759036703708e-03,7.236597293625024463e-09,0.000000000000000000e+00
4.531621620635471470e-01,1.066792724876295173e+00,1.800000000000000000e+02,3.278562061322334853e-03,-3.733552993408807696e-02,0.000000000000000000e+00,-1.899862759036703708e-03,7.236597293625024463e-09,0.000000000000000000e+00
4.537798772206307896e-01,1.059325619034209520e+00,1.800000000000000000e+02,2.898589509514999663e-03,-3.733552848676861824e-02,0.000000000000000000e+00,-1.899862759036703708e-03,7.236597293625024463e-09,0.000000000000000000e+00
4.543215978673530997e-01,1.051858513481587654e+00,1.800000000000000000e+02,2.518616957707650594e-03,-3.733552703944918727e-02,0.000000000000000000e+00,-1.899862759036703708e-03,7.236597293625024463e-09,0.000000000000000000e+00
4.547873240037139109e-01,1.044391408218429573e+00,1.800000000000000000e+02,2.138644405900301526e-03,-3.733552559212971467e-02,0.000000000000000000e+00,-1.899862759036703708e-03,7.236597293625024463e-09,0.000000000000000000e+00
4.551770556297132231e-01,1.036924303244735501e+00,1.800000000000000000e+02,1.758671854092952458e-03,-3.733552414481028370e-02,0.000000000000000000e+00,-1.899862759036703708e-03,7.236597293625024463e-09,0.000000000000000000e+00
4.554907927453511474e-01,1.029457198560505660e+00,1.800000000000000000e+02,1.378699302285610329e-03,-3.733552269749082497e-02,0.000000000000000000e+00,-1.899862759036703708e-03,7.236597293625024463e-09,0.000000000000000000e+00
4.557285353506274617e-01,1.021990094165739382e+00,1.800000000000000000e+02,9.987267504782820771e-04,-3.733552125017136625e-02,0.000000000000000000e+00,-1.899862759036703708e-03,7.236597293625024463e-09,0.000000000000000000e+00
4.558902834455423880e-01,1.014522990060437113e+00,1.800000000000000000e+02,6.187541986709260700e-04,-3.733551980285190752e-02,0.000000000000000000e+00,-1.899862759036703708e-03,7.236597293625024463e-09,0.000000000000000000e+00
4.559760370300958709e-01,1.007055886244598630e+00,1.800000000000000000e+02,2.387816468635978184e-04,-3.733551835553242104e-02,0.000000000000000000e+00,-1.899862759036703708e-03,7.236597293625024463e-09,0.000000000000000000e+00
4.559857961042878549e-01,9.995887827182240448e-01,1.800000000000000000e+02,-1.411909049437443109e-04,-3.733551690821296232e-02,0.000000000000000000e+00,-1.899862759036703708e-03,7.236597293625024463e-09,0.000000000000000000e+00
4.559195606681183399e-01,9.921216794813132456e-01,1.800000000000000000e+02,-5.211634567510725624e-04,-3.733551546089350359e-02,0.000000000000000000e+00,-1.899862759036703708e-03,7.236597293625024463e-09,0.000000000000000000e+00
4.557773307215874370e-01,9.846545765338665657e-01,1.800000000000000000e+02,-9.011360085584285695e-04,-3.733551401357404487e-02,0.000000000000000000e+00,-1.899862759036703708e-03,7.236597293625024463e-09,0.000000000000000000e+00
4.555591062646949796e-01,9.771874738758838941e-01,1.800000000000000000e+02,-1.281108560365770699e-03,-3.733551256625461390e-02,0.000000000000000000e+00,3.371338316751973374e-04,9.825134885856470768e-03,0.000000000000000000e+00
4.553096272292553870e-01,9.699168740603500982e-01,1.800000000000000000e+02,-1.213681794030720823e-03,-3.537048558908328227e-02,0.000000000000000000e+00,3.371338316751973374e-04,9.825134885856470768e-03,0.000000000000000000e+00
4.550736335470826899e-01,9.630392796402506006e-01,1.800000000000000000e+02,-1.146255027695698703e-03,-3.340545861191203392e-02,0.000000000000000000e+00,3.371338316751973374e-04,9.825134885856470768e-03,0.000000000000000000e+00
4.548511252181770548e-01,9.565546906155852902e-01,1.800000000000000000e+02,-1.078828261360648827e-03,-3.144043163474075780e-02,0.000000000000000000e+00,3.371338316751973374e-04,9.825134885856470768e-03,0.000000000000000000e+00
4.546421022425384817e-01,9.504631069863541670e-01,1.800000000000000000e+02,-1.011401495025612829e-03,-2.947540465756939843e-02,0.000000000000000000e+00,3.371338316751973374e-04,9.825134885856470768e-03,0.000000000000000000e+00
4.544465646201668041e-01,9.447645287525574531e-01,1.800000000000000000e+02,-9.439747286905525447e-04,-2.751037768039810150e-02,0.000000000000000000e+00,3.371338316751973374e-04,9.825134885856470768e-03,0.000000000000000000e+00
4.542645123510622440e-01,9.394589559141950375e-01,1.800000000000000000e+02,-8.765479623555200162e-04,-2.554535070322683232e-02,0.000000000000000000e+00,3.371338316751973374e-04,9.825134885856470768e-03,0.000000000000000000e+00
4.540959454352246349e-01,9.345463884712668090e-01,1.800000000000000000e+02,-8.091211960204874876e-04,-2.358032372605553539e-02,0.000000000000000000e+00,3.371338316751973374e-04,9.825134885856470768e-03,0.000000000000000000e+00
4.539408638726539769e-01,9.300268264237726568e-01,1.800000000000000000e+02,-7.416944296854341423e-04,-2.161529674888425234e-02,0.000000000000000000e+00,3.371338316751973374e-04,9.825134885856470768e-03,0.000000000000000000e+00
4.537992676633504363e-01,9.259002697717130248e-01,1.800000000000000000e+02,-6.742676633504085526e-04,-1.965026977171295541e-02,0.000000000000000000e+00,3.371338316751973374e-04,9.825134885856470768e-03,0.000000000000000000e+00
4.536711568073138467e-01,9.221667185150874690e-01,1.800000000000000000e+02,-6.068408970153621462e-04,-1.768524279454161685e-02,0.000000000000000000e+00,3.371338316751973374e-04,9.825134885856470768e-03,0.000000000000000000e+00
4.535565313045442637e-01,9.188261726538963226e-01,1.800000000000000000e+02,-5.394141306803157399e-04,-1.572021581737034768e-02,0.000000000000000000e+00,3.371338316751973374e-04,9.825134885856470768e-03,0.000000000000000000e+00
4.534553911550417427e-01,9.158786321881394743e-01,1.800000000000000000e+02,-4.719873643452832113e-04,-1.375518884019907850e-02,0.000000000000000000e+00,3.371338316751973374e-04,9.825134885856470768e-03,0.000000000000000000e+00
4.533677363588062281e-01,9.133240971178168133e-01,1.800000000000000000e+02,-4.045605980102506827e-04,-1.179016186302778157e-02,0.000000000000000000e+00,3.371338316751973374e-04,9.825134885856470768e-03,0.000000000000000000e+00
4.532935669158376646e-01,9.111625674429282284e-01,1.800000000000000000e+02,-3.371338316752181541e-04,-9.825134885856512401e-03,0.000000000000000000e+00,3.371338316751973374e-04,9.825134885856470768e-03,0.000000000000000000e+00
4.532328828261361076e-01,9.093940431634742749e-01,1.800000000000000000e+02,-2.697070653401717477e-04,-7.860107908685215472e-03,0.000000000000000000e+00,3.371338316751973374e-04,9.825134885856470768e-03,0.000000000000000000e+00
4.531856840897016125e-01,9.080185242794542866e-01,1.800000000000000000e+02,-2.022802990051253413e-04,-5.895080931513863032e-03,0.000000000000000000e+00,3.371338316751973374e-04,9.825134885856470768e-03,0.000000000000000000e+00
4.531519707065340130e-01,9.070360107908685965e-01,1.800000000000000000e+02,-1.348535326700789350e-04,-3.930053954342566103e-03,0.000000000000000000e+00,3.371338316751973374e-04,9.825134885856470768e-03,0.000000000000000000e+00
4.531317426766335865e-01,9.064465026977172046e-01,1.800000000000000000e+02,-6.742676633504640638e-05,-1.965026977171296929e-03,0.000000000000000000e+00,3.371338316751973374e-04,9.825134885856470768e-03,0.000000000000000000e+00
4.531250000000000555e-01,9.062500000000001110e-01,1.800000000000000000e+02,0.000000000000000000e+00,0.000000000000000000e+00,0.000000000000000000e+00,0.000000000000000000e+00,0.000000000000000000e+00,0.000000000000000000e+00
